0.00000 1
0.40101 0
0.40101 1
0.40101 2
0.40210 3
0.40349 4
1.08970 0
1.08970 1
1.08971 2
1.09112 3
1.58053 3
1.58053 4
1.67894 4
1.67894 5
1.97462 5
1.97462 6
2.07308 5
2.17132 5
2.36990 0
2.36990 1
2.36991 2
2.66635 0
2.66635 1
2.66636 2
2.76438 1
2.76438 2
3.05971 1
3.05971 2
3.15774 1
3.15774 2
3.15775 3
3.74752 2
3.74752 3
3.84570 1
3.84570 2
3.84571 3
4.14003 3
4.14003 4
4.53306 4
4.53306 5
5.02416 0
5.02416 1
5.02417 2
5.32060 0
5.32060 1
5.32062 2
5.41877 1
5.41877 2
5.90990 1
5.90990 2
7.12200 3
7.32209 0
7.32209 1
7.32210 2
7.61876 2
7.61876 3
7.61877 4
7.71684 4
7.71684 5
8.10988 5
8.10988 6
8.20834 5
8.50340 5
8.50340 6
8.69966 0
8.69966 1
11.18600 2
11.38609 0
11.38609 1
11.38610 2
11.68336 2
11.68336 3
11.68337 4
11.68478 5
11.78167 4
11.78167 5
12.46948 0
12.46948 1
12.46950 2
12.76574 2
12.76574 3
12.86430 3
12.86430 4
13.15995 4
13.15995 5
13.25870 4
13.45680 0
13.45680 1
13.65689 0
13.65689 1
13.65690 2
13.95394 0
13.95394 1
13.95395 2
14.05234 1
14.05234 2
14.44573 1
14.44573 2
14.54405 1
14.54405 2
14.93664 0
14.93664 1
14.93666 2
14.93818 3
15.03494 2
15.03494 3
15.52696 1
15.52696 2
15.52697 3
15.91966 2
15.91966 3
16.01787 3
16.01787 4
16.11606 4
16.11606 5
16.41106 5
16.41106 6
16.50938 5
16.80457 5
16.90264 0
16.90264 1
16.90265 2
17.19953 0
17.19953 1
17.19954 2
17.29767 1
17.29767 2
17.59294 1
17.59294 2
17.78970 1
17.78970 2
17.78972 3
17.88779 2
17.88779 3
18.47702 2
18.47702 3
18.57514 1
18.57514 2
18.57515 3
18.96798 3
18.96798 4
19.06617 4
19.06617 5
19.36096 5
19.36096 6
19.55734 5
19.55734 6
19.85307 0
19.85307 1
19.95140 0
19.95140 1
19.95142 2
20.34460 1
20.34460 2
20.44308 1
20.44308 2
20.54123 1
20.54123 2
20.83615 1
20.83615 2
20.83617 3
21.13066 2
21.13066 3
22.39000 4
22.59009 0
22.59009 1
22.59010 2
22.88695 2
22.88695 3
22.88696 4
22.98587 4
22.98587 5
23.37966 5
23.37966 6
23.47774 5
23.67434 5
23.67434 6
23.77270 0
23.77270 1
24.06727 0
24.06727 1
24.06728 2
24.16578 1
24.16578 2
24.55930 1
24.55930 2
24.65791 1
24.65791 2
24.65792 3
25.05112 2
25.05112 3
25.14919 1
25.14919 2
25.14921 3
25.24757 2
25.24757 3
25.83661 3
25.83661 4
25.93523 4
25.93523 5
26.23060 4
26.23060 5
26.32865 3
26.32865 4
26.62407 0
26.62407 1
26.72290 0
26.72290 1
26.72291 2
27.01833 1
27.01833 2
27.21488 1
27.21488 2
27.41116 1
27.41116 2
27.41117 3
27.60735 2
27.60735 3
28.00091 1
28.00091 2
28.00092 3
28.29594 3
28.29594 4
28.39396 4
28.39396 5
28.78830 5
28.78830 6
28.88644 5
29.08278 5
29.18134 0
29.18134 1
29.18135 2
29.47831 0
29.47831 1
29.47833 2
29.57653 1
29.57653 2
29.97029 1
29.97029 2
30.06887 1
30.06887 2
30.06888 3
30.16713 2
30.16713 3
30.75717 2
30.75717 3
30.85518 1
30.85518 2
30.85520 3
31.15032 3
31.15032 4
31.34703 4
31.34703 5
31.44518 5
31.44518 6
31.83865 5
31.93720 5
31.93720 6
32.03534 0
32.03534 1
32.33132 0
32.33132 1
32.33134 2
32.42971 1
32.42971 2
32.82357 1
32.82357 2
32.92158 1
32.92158 2
32.92160 3
33.11808 2
33.11808 3
33.41269 2
33.41269 3
33.51098 2
33.51098 3
33.90443 3
33.90443 4
34.00285 4
34.00285 5
34.10093 5
34.10093 6
34.39567 5
34.59275 5
34.69159 0
34.69159 1
34.69160 2
34.98790 0
34.98790 1
34.98791 2
35.08617 1
35.08617 2
35.47943 1
35.47943 2
35.57746 1
35.57746 2
35.57747 3
36.26737 2
36.26737 3
36.26738 4
36.76043 4
36.76043 5
37.05725 3
37.05725 4
37.25734 0
37.25734 1
37.45743 0
37.45743 1
37.45744 2
37.75429 0
37.75429 1
37.75431 2
37.85304 1
37.85304 2
38.14835 1
38.14835 2
38.24642 1
38.24642 2
38.63920 1
38.63920 2
38.63922 3
38.73786 2
38.73786 3
38.93427 2
38.93427 3
39.32705 2
39.32705 3
39.42546 2
39.42546 3
39.81818 3
39.81818 4
39.81819 5
39.91635 5
39.91635 6
40.21110 5
40.40784 5
40.40784 6
40.50620 0
40.50620 1
40.80058 0
40.80058 1
40.80059 2
40.89869 1
40.89869 2
41.19362 1
41.19362 2
41.29175 1
41.29175 2
41.29176 3
41.78318 2
41.78318 3
41.88131 1
41.88131 2
41.88132 3
42.37434 3
42.37434 4
42.57443 2
43.82200 3
44.02209 1
44.02209 2
44.02210 3
44.31867 3
44.31867 4
44.31868 5
44.32016 6
44.41673 5
44.41673 6
44.80968 1
44.80968 2
45.10395 2
45.20220 1
45.20220 2
45.30045 2
45.30045 3
45.59536 3
45.59536 4
45.69337 4
45.69337 5
45.98901 4
46.08710 0
46.08710 1
46.28719 0
46.28719 1
46.28720 2
46.58423 0
46.58423 1
46.58424 2
46.68231 1
46.68231 2
47.07599 1
47.07599 2
47.17481 1
47.17481 2
47.37119 1
47.37119 2
47.37120 3
47.46939 2
47.46939 3
48.63000 4
48.83009 0
48.83009 1
48.83010 2
49.12696 2
49.12696 3
49.12698 4
49.22582 4
49.22582 5
49.61952 5
49.61952 6
49.71788 5
49.91446 5
49.91446 6
50.01275 0
50.01275 1
50.40658 0
50.40658 1
50.40659 2
50.40776 3
50.80163 0
50.80163 1
50.80165 2
51.09695 1
51.09695 2
51.19505 1
51.19505 2
51.19506 3
51.68592 2
51.68592 3
51.98046 1
51.98046 2
51.98047 3
52.37350 3
52.37350 4
52.37352 5
52.47194 5
52.47194 6
52.86573 5
52.96438 5
52.96438 6
53.06266 0
53.06266 1
53.35852 0
53.35852 1
53.35853 2
53.45684 1
53.45684 2
53.75260 1
53.75260 2
53.85073 1
53.85073 2
53.85074 3
55.33000 4
55.53009 0
55.53009 1
55.53010 2
55.82690 2
55.82690 3
55.82691 4
55.92544 4
55.92544 5
56.22037 5
56.22037 6
56.41674 5
56.61337 5
56.71142 0
56.71142 1
56.71144 2
57.00787 0
57.00787 1
57.00789 2
57.10600 1
57.10600 2
57.40075 1
57.40075 2
57.49899 1
57.49899 2
57.49900 3
58.08798 1
58.08798 2
58.08799 3
58.48143 2
58.48143 3
58.48144 4
58.57978 4
58.57978 5
58.97275 5
58.97275 6
59.07118 5
59.26741 5
59.36578 0
59.36578 1
59.36579 2
59.66222 0
59.66222 1
59.66223 2
59.76026 1
59.76026 2
60.25191 0
60.25191 1
60.25192 2
60.35021 1
60.35021 2
60.35023 3
60.94020 2
60.94020 3
61.03833 1
61.03833 2
61.03834 3
61.33269 3
61.33269 4
61.43081 4
61.43081 5
61.72628 5
61.72628 6
61.92282 5
62.11945 5
62.11945 6
62.41616 0
62.41616 1
62.41617 2
62.71284 0
62.71284 1
62.71285 2
62.81131 1
62.81131 2
63.20402 1
63.20402 2
63.30244 1
63.30244 2
63.30245 3
63.40053 2
63.40053 3
63.89178 1
63.89178 2
63.89180 3
63.98989 2
63.98989 3
64.38305 3
64.38305 4
64.67798 4
64.67798 5
64.77636 4
64.97304 4
64.97304 5
65.07167 0
65.07167 1
65.36654 0
65.36654 1
65.36655 2
65.46525 1
65.46525 2
65.76035 1
65.76035 2
65.85837 1
65.85837 2
65.85839 3
66.54599 2
66.54599 3
66.54600 4
66.74230 4
66.74230 5
67.13539 5
67.13539 6
67.43177 1
68.81000 2
69.01009 0
69.01009 1
69.01010 2
69.30744 2
69.30744 3
69.30745 4
69.30849 5
69.40545 4
69.40545 5
69.99579 1
69.99579 2
70.09387 1
70.09387 2
70.38934 2
70.38934 3
70.48768 3
70.48768 4
70.78287 4
70.78287 5
70.88117 4
71.07942 0
71.07942 1
71.27951 0
71.27951 1
71.27952 2
71.57606 0
71.57606 1
71.57608 2
71.67430 1
71.67430 2
71.96874 1
71.96874 2
72.06706 1
72.06706 2
72.46056 1
72.46056 2
72.46057 3
72.55870 2
72.55870 3
72.85332 2
72.85332 3
73.04956 2
73.04956 3
73.34382 1
73.34382 2
73.34383 3
73.73725 3
73.73725 4
73.83594 4
73.83594 5
74.03257 5
74.03257 6
74.22924 5
74.32744 5
74.52611 0
74.52611 1
74.52612 2
74.82294 0
74.82294 1
74.82296 2
74.92103 1
74.92103 2
75.31462 1
75.31462 2
75.41280 1
75.41280 2
75.41281 3
75.51091 2
75.51091 3
76.19939 0
76.19939 1
76.19940 2
76.20058 3
76.59411 3
76.59411 4
76.69282 4
76.69282 5
76.98795 5
76.98795 6
77.08611 5
77.18421 5
77.18421 6
77.47929 0
77.47929 1
77.57776 0
77.57776 1
77.57777 2
77.87298 1
77.87298 2
77.97100 1
77.97100 2
78.36449 1
78.36449 2
78.36450 3
78.46330 2
78.46330 3
78.56148 2
78.56148 3
79.05314 2
79.05314 3
79.25323 3
79.25323 4
79.45332 2
80.63000 3
80.83009 1
80.83009 2
80.83010 3
81.12726 3
81.12726 4
81.12727 5
81.12876 6
81.22550 5
81.22550 6
81.81529 1
81.81529 2
82.01176 1
82.01176 2
82.50261 1
82.50261 2
82.50262 3
82.89557 3
82.89557 4
82.99387 4
82.99387 5
83.28862 4
83.38747 0
83.38747 1
83.58756 0
83.58756 1
83.58757 2
83.88419 0
83.88419 1
83.88420 2
83.98244 1
83.98244 2
84.27785 1
84.27785 2
84.57255 1
84.57255 2
84.67063 1
84.67063 2
84.67064 3
85.06331 2
85.06331 3
85.16150 1
85.16150 2
85.16151 3
85.25987 2
85.25987 3
85.75283 3
85.75283 4
85.95291 2
87.52200 3
87.72209 1
87.72209 2
87.72210 3
88.01911 3
88.01911 4
88.01913 5
88.02063 6
88.11719 5
88.11719 6
88.60930 1
88.60930 2
88.90459 1
88.90459 2
89.00284 2
89.00284 3
89.29820 3
89.29820 4
89.39671 4
89.39671 5
89.69157 4
89.79009 0
89.79009 1
89.99018 0
89.99018 1
89.99020 2
90.28705 0
90.28705 1
90.28706 2
90.38530 1
90.38530 2
90.68025 1
90.68025 2
90.87691 1
90.87691 2
90.97495 1
90.97495 2
90.97497 3
91.66306 1
91.66306 2
91.66308 3
91.96021 2
91.96021 3
91.96022 4
92.05822 4
92.05822 5
92.35281 5
92.35281 6
92.45087 5
92.74605 5
92.74605 6
92.84464 0
92.84464 1
93.14009 0
93.14009 1
93.14011 2
93.23820 1
93.23820 2
93.53297 1
93.53297 2
93.63104 1
93.63104 2
93.63105 3
94.21962 2
94.21962 3
94.31813 1
94.31813 2
94.31814 3
94.61330 3
94.61330 4
94.71160 4
94.71160 5
95.10534 5
95.10534 6
95.40012 5
95.49875 0
95.49875 1
95.49876 2
95.79594 0
95.79594 1
95.79596 2
95.89427 1
95.89427 2
96.18951 1
96.18951 2
96.38585 1
96.38585 2
96.58200 1
96.58200 2
96.58201 3
96.77826 2
96.77826 3
97.46632 1
97.46632 2
97.46634 3
97.76294 3
97.76294 4
97.76295 5
97.86100 5
97.86100 6
98.25357 5
98.44979 5
98.44979 6
98.74479 0
98.74479 1
98.84284 0
98.84284 1
98.84285 2
99.23550 1
99.23550 2
99.33374 1
99.33374 2
99.53056 1
99.53056 2
99.53057 3
99.72723 2
99.72723 3
99.92349 2
99.92349 3
100.31717 2
100.31717 3
100.41565 3
100.41565 4
100.71062 4
100.71062 5
100.80941 4
100.80941 5
101.10513 3
101.10513 4
101.20325 0
101.20325 1
101.49857 0
101.49857 1
101.49859 2
101.59666 1
101.59666 2
101.99069 1
101.99069 2
102.08873 1
102.08873 2
102.08874 3
102.38337 2
102.38337 3
102.87470 2
102.87470 3
102.97315 0
102.97315 1
102.97316 2
102.97477 3
103.66123 0
103.66123 1
103.66124 2
103.66233 3
104.05616 3
104.05616 4
104.15456 4
104.15456 5
104.25288 5
104.25288 6
104.54772 5
104.64579 5
104.84413 0
104.84413 1
104.84415 2
105.14094 0
105.14094 1
105.14095 2
105.23941 1
105.23941 2
105.53435 1
105.53435 2
105.63265 1
105.63265 2
105.63266 3
106.02637 2
106.02637 3
106.32185 2
106.32185 3
106.41986 2
106.41986 3
106.71473 3
106.71473 4
106.81312 4
106.81312 5
107.10834 5
107.10834 6
107.20650 5
107.30493 5
107.50306 0
107.50306 1
107.50307 2
107.79981 0
107.79981 1
107.79982 2
107.89786 1
107.89786 2
108.19328 1
108.19328 2
108.29139 1
108.29139 2
108.29140 3
108.68487 2
108.68487 3
108.97989 2
108.97989 3
109.07794 2
109.07794 3
109.17605 3
109.17605 4
109.56909 4
109.56909 5
109.86367 5
109.86367 6
109.96198 5
110.16024 0
110.16024 1
110.36033 0
110.36033 1
110.36034 2
110.65742 0
110.65742 1
110.65743 2
110.75588 1
110.75588 2
111.15017 1
111.15017 2
111.24884 1
111.24884 2
111.54339 1
111.54339 2
111.54340 3
111.64156 2
111.64156 3
111.74000 2
111.74000 3
112.23202 2
112.23202 3
112.43211 3
112.43211 4
112.63220 2
113.88600 3
114.08609 1
114.08609 2
114.08610 3
114.38339 3
114.38339 4
114.38340 5
114.38442 6
114.48190 5
114.48190 6
115.55000 7
115.75009 0
115.75009 1
115.75010 2
116.04663 0
116.04663 1
116.04664 2
116.14513 1
116.14513 2
116.44016 1
116.44016 2
116.53858 1
116.53858 2
116.83336 1
116.83336 2
116.83337 3
116.93172 2
116.93172 3
117.32499 2
117.32499 3
117.61952 2
117.61952 3
117.71757 2
117.71757 3
117.81589 3
117.81589 4
118.11074 4
118.11074 5
118.20880 5
118.20880 6
118.50353 5
118.60175 5
118.60175 6
118.89679 0
118.89679 1
118.99492 0
118.99492 1
118.99493 2
119.28930 1
119.28930 2
119.58428 1
119.58428 2
119.68297 1
119.68297 2
119.68298 3
119.78126 2
119.78126 3
120.17498 2
120.17498 3
120.37169 2
120.37169 3
120.76500 2
120.76500 3
120.76502 4
120.86333 4
120.86333 5
121.45432 5
121.45432 6
121.65441 1
123.11000 2
123.31009 0
123.31009 1
123.31010 2
123.60705 2
123.60705 3
123.60706 4
123.60815 5
123.70538 4
123.70538 5
124.09835 1
124.09835 2
124.39346 2
124.49164 1
124.49164 2
124.58996 2
124.58996 3
124.88496 3
124.88496 4
124.98360 4
124.98360 5
125.27810 4
125.37662 0
125.37662 1
125.57671 0
125.57671 1
125.57672 2
125.87356 0
125.87356 1
125.87358 2
125.97169 1
125.97169 2
126.26671 1
126.26671 2
126.56096 1
126.56096 2
126.65960 1
126.65960 2
126.65961 3
127.05263 2
127.05263 3
127.15076 1
127.15076 2
127.15077 3
127.34748 2
127.34748 3
127.74000 2
127.74000 3
128.03496 3
128.03496 4
128.13320 4
128.13320 5
128.32995 5
128.32995 6
128.91909 5
128.91909 6
129.01756 0
129.01756 1
129.31248 0
129.31248 1
129.31249 2
129.41058 1
129.41058 2
129.70558 1
129.70558 2
129.80381 1
129.80381 2
130.19700 1
130.19700 2
130.19702 3
130.29556 2
130.29556 3
130.39392 2
130.39392 3
130.88515 2
130.88515 3
130.88516 4
131.27810 4
131.27810 5
131.37654 4
131.57462 2
131.57462 3
131.77471 0
131.77471 1
131.97480 0
131.97480 1
131.97481 2
132.27191 0
132.27191 1
132.27192 2
132.36999 1
132.36999 2
132.76382 1
132.76382 2
132.86183 1
132.86183 2
132.86184 3
133.15666 2
133.15666 3
133.25471 2
133.25471 3
133.55012 2
133.55012 3
133.64842 2
133.64842 3
133.74646 2
133.74646 3
133.74647 4
134.23917 4
134.23917 5
134.43926 3
135.64600 4
135.84609 2
135.84609 3
135.84610 4
136.14286 4
136.14286 5
136.14287 6
136.14402 7
136.24160 6
136.24160 7
137.31000 8
137.51009 0
137.51009 1
137.51010 2
137.80715 0
137.80715 1
137.80717 2
137.90544 1
137.90544 2
138.29900 1
138.29900 2
138.39723 1
138.39723 2
138.49529 1
138.49529 2
138.49530 3
138.88906 2
138.88906 3
138.98708 2
138.98708 3
139.37999 2
139.37999 3
139.47816 3
139.47816 4
139.67439 4
139.67439 5
139.87081 5
139.87081 6
140.06743 5
140.16576 5
140.16576 6
140.46092 0
140.46092 1
140.75742 0
140.75742 1
140.75743 2
140.75875 3
141.15238 1
141.15238 2
141.25041 1
141.25041 2
141.54506 1
141.54506 2
141.54507 3
141.64345 2
141.64345 3
142.03606 1
142.03606 2
142.03607 3
142.13415 2
142.13415 3
142.52745 2
142.52745 3
142.82221 2
142.82221 3
142.82222 4
142.92044 3
142.92044 4
143.51106 4
143.51106 5
143.71115 0
145.10200 1
145.30209 0
145.30209 1
145.30210 2
145.59879 0
145.59879 1
145.59881 2
145.69716 1
145.69716 2
145.99250 1
145.99250 2
146.18930 1
146.18930 2
146.28738 1
146.28738 2
146.28739 3
146.97543 0
146.97543 1
146.97544 2
146.97647 3
147.27189 3
147.27189 4
147.56676 4
147.56676 5
147.66504 5
147.66504 6
147.76316 5
148.05836 5
148.05836 6
148.15652 0
148.15652 1
148.55006 0
148.55006 1
148.55007 2
148.55125 3
148.94438 1
148.94438 2
149.04242 1
149.04242 2
149.33723 1
149.33723 2
149.33724 3
149.53387 1
149.53387 2
149.53388 3
150.02502 2
150.02502 3
150.12324 3
150.12324 4
150.31966 4
150.31966 5
150.41819 5
150.41819 6
150.91008 5
150.91008 6
151.00856 0
151.00856 1
151.30337 0
151.30337 1
151.30339 2
151.40175 1
151.40175 2
151.69641 1
151.69641 2
151.79464 1
151.79464 2
152.08895 1
152.08895 2
152.08896 3
152.48195 1
152.48195 2
152.48197 3
152.57998 2
152.57998 3
153.63000 4
155.73400 5
155.93409 0
155.93409 1
155.93410 2
156.23131 2
156.23131 3
156.23132 4
156.23273 5
156.32976 4
156.32976 5
157.01699 0
157.01699 1
157.01700 2
157.31442 2
157.31442 3
157.41309 3
157.41309 4
157.70824 4
157.70824 5
157.80631 4
158.19952 0
158.19952 1
158.39961 0
158.39961 1
158.39962 2
158.69704 0
158.69704 1
158.69705 2
158.79549 1
158.79549 2
159.18909 1
159.18909 2
159.28745 1
159.28745 2
159.48386 1
159.48386 2
159.48387 3
159.68022 2
159.68022 3
160.27084 1
160.27084 2
160.27085 3
160.27203 4
160.56806 4
160.56806 5
160.86256 5
160.86256 6
160.96110 5
161.05955 5
161.05955 6
161.35452 0
161.35452 1
161.45268 0
161.45268 1
161.45269 2
161.74842 1
161.74842 2
161.94544 1
161.94544 2
162.24013 1
162.24013 2
162.24014 3
162.33882 2
162.33882 3
162.43684 2
162.43684 3
162.92757 2
162.92757 3
163.12766 3
163.12766 4
163.42415 2
165.35800 3
165.55809 1
165.55809 2
165.55810 3
165.85436 3
165.85436 4
165.85437 5
165.85572 6
165.95269 5
165.95269 6
166.44393 1
166.44393 2
166.73847 1
166.73847 2
166.83739 2
166.83739 3
167.13238 3
167.13238 4
167.23050 4
167.23050 5
167.52536 4
167.62363 0
167.62363 1
167.82372 0
167.82372 1
167.82373 2
168.12066 0
168.12066 1
168.12068 2
168.21867 1
168.21867 2
168.61228 1
168.61228 2
168.71065 1
168.71065 2
168.80903 1
168.80903 2
168.80905 3
169.30060 2
169.30060 3
169.49682 1
169.49682 2
169.49683 3
169.89031 3
169.89031 4
169.98875 4
169.98875 5
170.08676 5
170.08676 6
170.38170 5
170.67672 0
170.67672 1
170.67673 2
170.97352 0
170.97352 1
170.97353 2
171.36749 0
171.36749 1
171.36750 2
171.46551 1
171.46551 2
171.85909 1
171.85909 2
171.95735 1
171.95735 2
171.95736 3
172.35021 2
172.35021 3
172.44848 1
172.44848 2
172.44850 3
172.74299 2
172.74299 3
172.93956 2
172.93956 3
173.33219 2
173.33219 3
173.33220 4
173.43036 4
173.43036 5
173.72586 5
173.72586 6
174.02052 5
174.02052 6
174.11937 6
174.21738 4
174.21738 5
174.61048 0
174.61048 1
174.61049 2
174.90681 0
174.90681 1
174.90683 2
175.00516 1
175.00516 2
175.30009 1
175.30009 2
175.49673 1
175.49673 2
175.69358 1
175.69358 2
175.69359 3
175.88983 2
175.88983 3
176.38130 1
176.38130 2
176.38131 3
176.47948 3
176.47948 4
176.87306 4
176.87306 5
176.97113 5
176.97113 6
177.06933 5
177.36462 5
177.36462 6
177.46327 0
177.46327 1
177.85634 0
177.85634 1
177.85636 2
177.85791 3
178.25147 1
178.25147 2
178.35016 1
178.35016 2
178.44854 1
178.44854 2
178.44856 3
179.03773 0
179.03773 1
179.03774 2
179.03915 3
179.43132 3
179.43132 4
179.72567 4
179.72567 5
179.82384 4
179.92216 4
179.92216 5
180.21739 0
180.21739 1
180.31617 0
180.31617 1
180.31618 2
180.70963 1
180.70963 2
180.80777 1
180.80777 2
180.90606 1
180.90606 2
180.90607 3
181.49519 0
181.49519 1
181.49521 2
181.49624 3
181.98711 3
181.98711 4
182.08514 3
182.18331 3
182.18331 4
182.47824 0
182.47824 1
182.57629 0
182.57629 1
182.57630 2
182.97005 1
182.97005 2
183.06808 1
183.06808 2
183.26453 1
183.26453 2
183.26454 3
183.36283 2
183.36283 3
183.75643 2
183.75643 3
183.95278 2
183.95278 3
184.14914 2
184.14914 3
184.44452 3
184.44452 4
184.54280 4
184.54280 5
184.64092 5
184.64092 6
184.93557 5
185.03358 5
185.03358 6
185.32925 0
185.32925 1
185.42781 0
185.42781 1
185.42782 2
185.91884 0
185.91884 1
185.91885 2
186.31245 0
186.31245 1
186.31247 2
186.70679 0
186.70679 1
186.70681 2
186.70830 3
186.80498 2
186.80498 3
187.39423 2
187.39423 3
187.49261 1
187.49261 2
187.49263 3
188.68600 4
188.88609 0
188.88609 1
188.88610 2
189.18303 0
189.18303 1
189.18305 2
189.28110 1
189.28110 2
189.57584 1
189.57584 2
189.67454 1
189.67454 2
189.96953 1
189.96953 2
189.96954 3
190.16566 2
190.16566 3
190.55830 1
190.55830 2
190.55831 3
190.95155 3
190.95155 4
191.04958 4
191.04958 5
191.34482 5
191.34482 6
191.44287 5
191.54094 5
191.54094 6
192.48600 7
192.68609 0
192.68609 1
192.68610 2
192.98265 0
192.98265 1
192.98266 2
193.08066 1
193.08066 2
193.47378 1
193.47378 2
193.57222 1
193.57222 2
193.76851 1
193.76851 2
193.76852 3
194.26022 1
194.26022 2
194.26023 3
194.55519 1
194.55519 2
194.55520 3
194.75137 2
194.75137 3
195.04618 2
195.04618 3
195.24354 2
195.24354 3
195.24355 4
195.34161 4
195.34161 5
195.83271 5
196.02919 5
196.02919 6
196.22928 0
197.56600 1
197.76609 0
197.76609 1
197.76610 2
198.06350 0
198.06350 1
198.06351 2
198.16193 1
198.16193 2
198.45687 1
198.45687 2
198.55510 1
198.55510 2
198.84969 1
198.84969 2
198.84970 3
199.04593 2
199.04593 3
199.34109 2
199.34109 3
199.63574 2
199.63574 3
199.73387 3
199.73387 4
199.93039 4
199.93039 5
200.02849 5
200.02849 6
200.42153 5
200.51974 5
200.51974 6
200.61783 0
200.61783 1
200.91302 0
200.91302 1
200.91303 2
201.01107 1
201.01107 2
201.40354 1
201.40354 2
201.50199 1
201.50199 2
201.50200 3
202.71800 4
202.96126 0
202.96126 1
202.96127 2
202.96234 3
203.25765 1
203.25765 2
203.25766 3
203.55217 2
203.55217 3
203.65020 2
203.65020 3
203.84635 2
203.84635 3
204.04278 2
204.04278 3
204.43648 2
204.43648 3
204.43649 4
204.53463 4
204.53463 5
205.02610 5
205.02610 6
205.12417 5
205.32249 4
205.32249 5
205.52258 0
205.52258 1
205.72267 0
205.72267 1
205.72268 2
206.01967 0
206.01967 1
206.01968 2
206.41337 0
206.41337 1
206.41338 2
206.51165 1
206.51165 2
206.80687 1
206.80687 2
206.80688 3
207.10140 2
207.10140 3
207.49472 2
207.49472 3
207.88945 0
207.88945 1
207.88946 2
207.89094 3
207.89232 4
208.38309 2
208.38309 3
208.67779 1
208.67779 2
208.67780 3
208.67884 4
208.77623 4
208.77623 5
209.16992 5
209.26829 5
209.26829 6
209.56346 5
209.66163 0
209.66163 1
209.86172 1
211.04600 2
211.24609 0
211.24609 1
211.24610 2
211.64243 0
211.64243 1
211.64244 2
211.64349 3
211.93924 1
211.93924 2
212.03737 1
212.03737 2
212.43173 1
212.43173 2
212.52980 1
212.52980 2
212.52981 3
212.62797 2
212.62797 3
213.31534 0
213.31534 1
213.31535 2
213.31639 3
213.61192 3
213.61192 4
213.71001 4
213.71001 5
214.10260 5
214.10260 6
214.20079 5
214.29883 5
214.29883 6
214.59396 0
214.59396 1
214.69208 0
214.69208 1
214.69209 2
215.08561 1
215.08561 2
215.18394 1
215.18394 2
215.28194 1
215.28194 2
215.28196 3
216.50200 4
216.70209 0
216.70209 1
216.70210 2
216.99926 2
216.99926 3
216.99927 4
217.09780 4
217.09780 5
217.49067 5
217.49067 6
217.58908 5
218.08025 0
218.08025 1
218.08026 2
218.47497 0
218.47497 1
218.47499 2
218.47604 3
218.77150 1
218.77150 2
218.86952 1
218.86952 2
219.16447 1
219.16447 2
219.26258 1
219.26258 2
219.26260 3
219.85257 2
219.85257 3
219.95060 1
219.95060 2
219.95061 3
220.34382 3
220.34382 4
220.44215 4
220.44215 5
220.63862 5
220.63862 6
220.73679 5
221.03139 5
221.03139 6
221.32818 0
221.32818 1
221.32819 2
221.62503 0
221.62503 1
221.62505 2
221.72304 1
221.72304 2
222.01868 1
222.01868 2
222.11685 1
222.11685 2
222.11687 3
222.50999 2
222.50999 3
222.60805 2
222.60805 3
222.90328 2
222.90328 3
223.19792 3
223.19792 4
223.29636 4
223.29636 5
223.39440 5
223.39440 6
223.69001 5
223.78820 5
223.98635 0
223.98635 1
223.98637 2
224.28326 0
224.28326 1
224.28327 2
224.38157 1
224.38157 2
224.67648 1
224.67648 2
224.77455 1
224.77455 2
224.77457 3
225.36390 0
225.36390 1
225.36392 2
225.36562 3
225.75783 3
225.75783 4
226.24901 4
226.24901 5
226.44910 0
226.44910 1
226.64919 0
226.64919 1
226.64920 2
226.94595 0
226.94595 1
226.94596 2
227.04450 1
227.04450 2
227.33943 1
227.33943 2
227.53563 1
227.53563 2
227.53564 3
227.83105 2
227.83105 3
228.22459 2
228.22459 3
228.32278 0
228.32278 1
228.32280 2
228.32417 3
229.01136 0
229.01136 1
229.01137 2
229.01259 3
229.40485 3
229.40485 4
229.69914 4
229.69914 5
229.79720 5
229.79720 6
230.09260 5
230.19124 5
230.28968 0
230.28968 1
230.28969 2
230.58617 0
230.58617 1
230.58618 2
230.68441 1
230.68441 2
231.07746 1
231.07746 2
231.17600 1
231.17600 2
231.17601 3
231.66699 0
231.66699 1
231.66701 2
231.66872 3
232.15792 3
232.15792 4
232.25634 4
232.25634 5
232.55093 5
232.55093 6
232.64902 5
232.74718 5
232.94575 0
232.94575 1
232.94577 2
233.24261 0
233.24261 1
233.24262 2
233.34080 1
233.34080 2
233.73331 1
233.73331 2
233.83183 1
233.83183 2
233.83184 3
234.02841 2
234.02841 3
234.42147 1
234.42147 2
234.42148 3
234.81568 3
234.81568 4
234.91414 4
234.91414 5
235.20990 4
235.20990 5
235.30802 3
235.30802 4
235.60247 0
235.60247 1
235.70092 0
235.70092 1
235.70093 2
236.09441 1
236.09441 2
236.19304 1
236.19304 2
236.58626 0
236.58626 1
236.58627 2
236.58824 3
236.68502 2
236.68502 3
237.27486 2
237.27486 3
237.37339 1
237.37339 2
237.37341 3
237.76726 3
237.76726 4
237.86532 3
237.96357 3
237.96357 4
238.25878 0
238.25878 1
238.35693 0
238.35693 1
238.35694 2
238.65206 1
238.65206 2
238.75064 1
238.75064 2
239.04612 1
239.04612 2
239.04614 3
239.24268 2
239.24268 3
239.43969 2
239.43969 3
239.83252 2
239.83252 3
239.93073 3
239.93073 4
240.22664 4
240.22664 5
240.32519 4
240.32519 5
240.62053 3
240.62053 4
240.71914 0
240.71914 1
241.01417 0
241.01417 1
241.01418 2
241.11281 1
241.11281 2
242.24200 3
244.50600 4
244.70609 0
244.70609 1
244.70610 2
245.00252 2
245.00252 3
245.00254 4
245.00380 5
245.10082 4
245.10082 5
245.78946 0
245.78946 1
245.78948 2
246.08595 2
246.08595 3
246.18455 3
246.18455 4
246.47920 4
246.47920 5
246.57765 4
246.77583 0
246.77583 1
246.97592 0
246.97592 1
246.97593 2
247.27327 0
247.27327 1
247.27328 2
247.37136 1
247.37136 2
251.03800 3
251.23809 0
251.23809 1
251.23810 2
251.53530 2
251.53530 3
251.53532 4
251.63337 4
251.63337 5
251.92823 5
251.92823 6
252.12458 5
252.32148 5
252.32148 6
252.42013 0
252.42013 1
252.71547 0
252.71547 1
252.71548 2
252.81359 1
252.81359 2
253.10848 1
253.10848 2
253.30534 1
253.30534 2
253.30535 3
253.50150 2
253.50150 3
253.79693 2
253.79693 3
253.89519 2
253.89519 3
254.28836 3
254.28836 4
254.38661 4
254.38661 5
254.58308 5
254.58308 6
254.68131 5
254.97638 5
255.07443 0
255.07443 1
255.07444 2
255.37115 0
255.37115 1
255.37116 2
255.46962 1
255.46962 2
255.76454 1
255.76454 2
255.86295 1
255.86295 2
255.86297 3
256.25624 2
256.25624 3
256.35444 2
256.35444 3
256.74746 2
256.74746 3
256.84556 3
256.84556 4
256.94363 4
256.94363 5
257.33667 5
257.33667 6
257.43517 5
257.53338 5
260.05800 6
260.25809 0
260.25809 1
260.25810 2
260.55441 0
260.55441 1
260.55442 2
260.65244 1
260.65244 2
260.94756 1
260.94756 2
261.04570 1
261.04570 2
261.43917 1
261.43917 2
261.43918 3
261.53778 2
261.53778 3
261.63610 2
261.63610 3
262.12770 2
262.12770 3
262.22583 3
262.22583 4
262.52105 4
262.52105 5
262.61934 4
262.61934 5
262.91480 3
262.91480 4
263.01290 0
263.01290 1
263.30748 0
263.30748 1
263.30749 2
263.40572 1
263.40572 2
263.79862 1
263.79862 2
263.89668 1
263.89668 2
263.89669 3
263.99513 2
263.99513 3
264.48633 1
264.48633 2
264.48634 3
264.58437 2
264.58437 3
264.97733 3
264.97733 4
265.07542 4
265.07542 5
265.46848 5
265.46848 6
265.56678 5
265.76340 5
265.76340 6
265.86177 0
265.86177 1
266.15679 0
266.15679 1
266.15680 2
266.25480 1
266.25480 2
266.64898 1
266.64898 2
266.74735 1
266.74735 2
266.74737 3
267.23904 1
267.23904 2
267.23905 3
267.33773 2
267.33773 3
267.63220 2
267.63220 3
268.12317 0
268.12317 1
268.12319 2
268.12479 3
268.12647 4
268.81274 1
268.81274 2
268.81275 3
268.81385 4
269.20792 3
269.20792 4
269.20794 5
269.30624 5
269.69960 5
269.69960 6
269.89969 0
271.39400 1
271.59409 0
271.59409 1
271.59410 2
271.89040 0
271.89040 1
271.89042 2
271.98875 1
271.98875 2
272.28298 1
272.28298 2
272.57819 1
272.57819 2
272.67648 1
272.67648 2
272.67649 3
272.77454 2
272.77454 3
273.46269 0
273.46269 1
273.46270 2
273.46375 3
273.85780 3
273.85780 4
273.95653 4
273.95653 5
274.25128 5
274.25128 6
274.54589 5
274.64396 0
274.64396 1
274.84405 0
274.84405 1
274.84406 2
275.14037 0
275.14037 1
275.14038 2
275.23856 1
275.23856 2
275.63237 1
275.63237 2
275.73070 1
275.73070 2
276.02576 1
276.02576 2
276.02577 3
276.12394 2
276.12394 3
276.22214 2
276.22214 3
276.71541 2
276.71541 3
276.91550 3
276.91550 4
277.11559 2
278.33400 3
280.77400 4
280.97409 1
280.97409 2
280.97410 3
281.27037 3
281.27037 4
281.27038 5
281.27144 6
281.36846 5
281.36846 6
281.95937 1
281.95937 2
282.05739 1
282.05739 2
282.35263 2
282.35263 3
282.45080 3
282.45080 4
282.74589 4
282.74589 5
282.84446 4
283.04279 0
283.04279 1
283.24288 0
283.24288 1
283.24289 2
283.73547 0
283.73547 1
283.73548 2
283.73668 3
284.12913 1
284.12913 2
284.22755 1
284.22755 2
284.62107 1
284.62107 2
284.71948 1
284.71948 2
284.71950 3
285.01452 2
285.01452 3
285.11253 2
285.11253 3
285.30910 2
285.30910 3
285.70198 1
285.70198 2
285.70199 3
286.09492 3
286.09492 4
286.19305 4
286.19305 5
286.29115 5
286.29115 6
286.68462 5
286.78296 5
286.78296 6
286.88107 0
286.88107 1
287.17561 0
287.17561 1
287.17562 2
287.27431 1
287.27431 2
287.56935 1
287.56935 2
287.86444 1
287.86444 2
287.86445 3
287.96264 2
287.96264 3
288.15901 2
288.15901 3
289.33000 4
289.53009 1
289.53009 2
289.53010 3
289.82700 3
289.82700 4
289.92545 4
289.92545 5
290.22047 4
290.22047 5
290.31853 3
290.31853 4
290.61321 0
290.61321 1
290.71154 0
290.71154 1
290.71156 2
291.10499 1
291.10499 2
291.20314 1
291.20314 2
291.49804 1
291.49804 2
291.49805 3
291.59661 2
291.59661 3
291.79313 2
291.79313 3
293.57400 4
293.77409 1
293.77409 2
293.77410 3
294.07136 3
294.07136 4
294.16946 4
294.16946 5
294.46398 4
294.46398 5
294.56253 3
294.56253 4
294.85777 0
294.85777 1
294.95640 0
294.95640 1
294.95641 2
295.25139 1
295.25139 2
295.54592 1
295.54592 2
295.64472 1
295.64472 2
295.64473 3
295.93955 2
295.93955 3
296.13618 2
296.13618 3
296.62753 1
296.62753 2
296.62754 3
296.62872 4
296.92386 4
296.92386 5
297.02191 5
297.02191 6
297.31719 5
297.41530 5
297.41530 6
297.71050 0
297.71050 1
297.80914 0
297.80914 1
297.80915 2
298.20348 1
298.20348 2
298.30235 1
298.30235 2
298.40046 1
298.40046 2
298.40047 3
298.99083 1
298.99083 2
298.99084 3
299.38387 2
299.38387 3
299.38388 4
299.48213 4
299.48213 5
299.87628 5
299.87628 6
299.97465 5
300.07303 5
300.27117 0
300.27117 1
300.27118 2
300.56774 0
300.56774 1
300.56775 2
300.66587 1
300.66587 2
301.05906 1
301.05906 2
301.15743 1
301.15743 2
301.15745 3
301.25574 2
301.25574 3
301.94417 0
301.94417 1
301.94418 2
301.94548 3
302.24070 3
302.24070 4
302.33878 4
302.33878 5
302.73172 5
302.73172 6
302.83015 5
302.92816 5
302.92816 6
303.32128 0
303.32128 1
303.32129 2
303.61821 0
303.61821 1
303.61822 2
303.71655 1
303.71655 2
304.01098 1
304.01098 2
304.30591 1
304.30591 2
304.30592 3
304.40427 2
304.40427 3
304.69915 2
304.69915 3
304.89568 2
304.89568 3
305.09215 1
305.09215 2
305.09217 3
305.58371 3
305.58371 4
305.88042 4
305.88042 5
306.08051 3
306.08051 4
306.28059 0
306.28059 1
306.48068 0
306.48068 1
306.48070 2
306.87521 0
306.87521 1
306.87522 2
306.97330 1
306.97330 2
307.36665 1
307.36665 2
307.46493 1
307.46493 2
307.76011 1
307.76011 2
307.76012 3
307.95674 2
307.95674 3
308.34975 1
308.34975 2
308.34976 3
308.84116 3
308.84116 4
308.84117 5
308.93976 5
308.93976 6
309.23471 5
309.43138 5
309.43138 6
309.72770 0
309.72770 1
309.72771 2
310.02435 0
310.02435 1
310.02436 2
310.41775 0
310.41775 1
310.41776 2
310.51595 1
310.51595 2
310.81019 1
310.81019 2
310.81020 3
310.90833 2
310.90833 3
311.49774 2
311.49774 3
311.59576 1
311.59576 2
311.59577 3
311.89062 3
311.89062 4
312.08685 4
312.08685 5
312.38145 5
312.38145 6
312.48026 5
312.67666 5
312.67666 6
312.77518 0
312.77518 1
313.07043 0
313.07043 1
313.07044 2
313.16903 1
313.16903 2
313.46411 1
313.46411 2
313.75860 1
313.75860 2
313.75861 3
313.85696 2
313.85696 3
314.05316 2
314.05316 3
314.44573 1
314.44573 2
314.44574 3
314.83883 3
314.83883 4
315.13385 4
315.13385 5
315.23239 4
315.43071 0
315.43071 1
315.63080 0
315.63080 1
315.63081 2
315.92733 0
315.92733 1
315.92734 2
316.02541 1
316.02541 2
316.32015 1
316.32015 2
316.41825 1
316.41825 2
316.81177 1
316.81177 2
316.81178 3
316.91017 2
316.91017 3
317.10656 2
317.10656 3
317.49929 1
317.49929 2
317.49930 3
317.79441 3
317.79441 4
317.89288 4
317.89288 5
318.28599 5
318.28599 6
318.38412 5
318.48216 5
318.48216 6
318.77784 0
318.77784 1
318.87601 0
318.87601 1
318.87602 2
319.26910 1
319.26910 2
319.36721 1
319.36721 2
319.46526 1
319.46526 2
319.46527 3
320.59000 4
320.79009 0
320.79009 1
320.79010 2
321.08647 2
321.08647 3
321.08648 4
321.18500 4
321.18500 5
321.48033 4
321.67724 4
321.67724 5
321.77547 0
321.77547 1
322.07033 0
322.07033 1
322.07034 2
322.46299 1
322.46299 2
322.56125 1
322.56125 2
322.65928 1
322.65928 2
322.65929 3
323.54387 3
323.54387 4
323.74396 1
325.16600 2
325.36609 0
325.36609 1
325.36610 2
325.66333 0
325.66333 1
325.66334 2
325.76151 1
325.76151 2
326.05774 1
326.05774 2
326.15615 1
326.15615 2
326.54889 1
326.54889 2
326.54890 3
326.64703 2
326.64703 3
326.84329 2
326.84329 3
327.23630 2
327.23630 3
327.33473 2
327.33473 3
327.53162 3
327.53162 4
327.82704 4
327.82704 5
327.92527 5
327.92527 6
328.02367 5
328.31918 5
328.31918 6
328.41766 0
328.41766 1
328.71240 0
328.71240 1
328.71242 2
328.81128 1
328.81128 2
329.10730 1
329.10730 2
329.20556 1
329.20556 2
329.20558 3
329.89422 0
329.89422 1
329.89424 2
329.89554 3
330.28910 3
330.28910 4
330.38760 4
330.38760 5
330.78080 5
330.78080 6
330.87953 5
331.07845 0
331.07845 1
331.27854 0
331.27854 1
331.27855 2
331.57520 0
331.57520 1
331.57522 2
331.67354 1
331.67354 2
331.96875 1
331.96875 2
332.06702 1
332.06702 2
332.46071 1
332.46071 2
332.46073 3
332.55894 2
332.55894 3
332.75511 2
332.75511 3
333.14833 1
333.14833 2
333.14834 3
333.54273 3
333.54273 4
333.64078 4
333.64078 5
333.93576 4
333.93576 5
334.03415 3
334.03415 4
334.32939 0
334.32939 1
334.42744 0
334.42744 1
334.42745 2
334.72280 1
334.72280 2
334.82084 1
334.82084 2
335.21426 1
335.21426 2
335.21427 3
335.60740 1
335.60740 2
335.60742 3
335.70593 2
335.70593 3
336.09907 2
336.09907 3
336.39364 1
336.39364 2
336.39365 3
336.88666 2
336.88666 3
336.88667 4
336.88776 5
337.37972 5
337.37972 6
337.67648 3
339.51800 4
339.71809 0
339.71809 1
339.71810 2
340.11270 2
340.11270 3
340.11271 4
340.11406 5
340.50802 1
340.50802 2
340.60615 1
340.60615 2
340.70426 1
340.70426 2
340.99950 1
340.99950 2
340.99951 3
341.09756 2
341.09756 3
341.78518 1
341.78518 2
341.78519 3
342.08206 2
342.08206 3
342.08207 4
342.18013 4
342.18013 5
342.57428 5
342.57428 6
342.67238 5
342.86860 5
342.96709 0
342.96709 1
342.96710 2
343.26340 0
343.26340 1
343.26342 2
343.36154 1
343.36154 2
343.75496 1
343.75496 2
343.85316 1
343.85316 2
343.85317 3
344.04960 2
344.04960 3
344.24631 2
344.24631 3
344.54107 2
344.54107 3
344.83546 3
344.83546 4
344.93406 4
344.93406 5
345.22948 4
345.22948 5
345.32773 3
345.32773 4
345.62294 0
345.62294 1
345.72138 0
345.72138 1
345.72139 2
346.11441 1
346.11441 2
346.21266 1
346.21266 2
346.50725 1
346.50725 2
346.50727 3
346.60554 2
346.60554 3
346.90051 2
346.90051 3
347.39167 2
347.39167 3
347.48969 0
347.48969 1
347.48971 2
347.49105 3
348.17727 1
348.17727 2
348.17728 3
348.17857 4
348.57197 3
348.57197 4
348.57198 5
348.67014 5
348.76898 5
348.76898 6
349.16206 5
349.26041 0
349.26041 1
349.46050 1
350.75400 2
350.95409 0
350.95409 1
350.95410 2
351.25075 0
351.25075 1
351.25076 2
351.34909 1
351.34909 2
351.64424 1
351.64424 2
351.74244 1
351.74244 2
352.13532 1
352.13532 2
352.13533 3
352.23334 2
352.23334 3
352.33135 2
352.33135 3
352.92088 2
352.92088 3
353.01950 3
353.01950 4
353.01952 5
353.31429 5
353.31429 6
353.70759 5
353.70759 6
354.00392 0
354.00392 1
354.00393 2
354.30025 0
354.30025 1
354.30027 2
354.69316 0
354.69316 1
354.69317 2
354.79126 1
354.79126 2
355.08592 1
355.08592 2
355.18401 1
355.18401 2
355.18402 3
355.87246 0
355.87246 1
355.87247 2
355.87404 3
356.26750 3
356.26750 4
356.36575 4
356.36575 5
356.66041 4
356.75862 4
356.75862 5
356.85678 0
356.85678 1
357.15163 0
357.15163 1
357.15165 2
357.25025 1
357.25025 2
357.64339 1
357.64339 2
357.74185 1
357.74185 2
357.74186 3
358.23376 1
358.23376 2
358.23377 3
358.33269 2
358.33269 3
358.43071 2
358.43071 3
359.02039 2
359.02039 3
359.02040 4
359.31715 4
359.31715 5
359.41571 4
359.61405 2
359.61405 3
359.81414 0
359.81414 1
360.01423 0
360.01423 1
360.01424 2
360.31135 0
360.31135 1
360.31137 2
360.70485 0
360.70485 1
360.70487 2
360.80286 1
360.80286 2
361.19549 1
361.19549 2
361.19550 3
361.29392 2
361.29392 3
361.49076 2
361.49076 3
361.78553 2
361.78553 3
362.17834 2
362.17834 3
362.17836 4
362.76920 4
362.76920 5
362.96929 0
364.36600 1
364.56609 0
364.56609 1
364.56610 2
364.86293 0
364.86293 1
364.86295 2
364.96175 1
364.96175 2
365.35559 1
365.35559 2
365.45408 1
365.45408 2
365.55224 1
365.55224 2
365.55225 3
366.04358 2
366.04358 3
366.14218 1
366.14218 2
366.14219 3
366.53612 3
366.53612 4
366.73236 4
366.73236 5
366.83051 5
366.83051 6
367.22439 5
367.32272 5
367.32272 6
367.42089 0
367.42089 1
367.71619 0
367.71619 1
367.71620 2
367.81468 1
367.81468 2
368.20735 1
368.20735 2
368.30543 1
368.30543 2
368.30545 3
368.89549 2
368.89549 3
369.19006 1
369.19006 2
369.19008 3
369.68175 2
369.68175 3
369.68176 4
369.77976 4
369.77976 5
370.27074 5
370.27074 6
370.56532 5
370.66352 0
370.66352 1
370.86361 1
372.79800 2
372.99809 0
372.99809 1
372.99810 2
373.39280 0
373.39280 1
373.39281 2
373.39395 3
373.78762 1
373.78762 2
373.88602 1
373.88602 2
373.98450 1
373.98450 2
374.27989 1
374.27989 2
374.27990 3
374.37813 2
374.37813 3
374.96804 2
374.96804 3
375.06673 1
375.06673 2
375.06675 3
375.36177 3
375.36177 4
375.46002 4
375.46002 5
375.75496 5
375.75496 6
375.85363 5
376.14833 5
376.14833 6
376.24655 0
376.24655 1
376.54187 0
376.54187 1
376.54188 2
376.64039 1
376.64039 2
377.03315 1
377.03315 2
377.13184 1
377.13184 2
377.13185 3
377.22994 2
377.22994 3
377.91878 0
377.91878 1
377.91879 2
377.92010 3
378.21531 3
378.21531 4
378.31333 4
378.31333 5
378.70755 5
378.70755 6
378.80569 5
378.90373 5
378.90373 6
379.19906 0
379.19906 1
379.29763 0
379.29763 1
379.29764 2
379.69116 1
379.69116 2
379.78952 1
379.78952 2
379.88757 1
379.88757 2
379.88759 3
380.57566 1
380.57566 2
380.57567 3
380.87196 2
380.87196 3
380.87197 4
380.97003 4
380.97003 5
381.36393 5
381.36393 6
381.46224 5
381.65910 5
381.75719 0
381.75719 1
381.75720 2
382.05398 0
382.05398 1
382.05399 2
382.15211 1
382.15211 2
382.44716 1
382.44716 2
382.64337 1
382.64337 2
382.64338 3
382.83963 2
382.83963 3
383.33101 1
383.33101 2
383.33102 3
383.42927 3
383.42927 4
383.82280 4
383.82280 5
383.92130 5
383.92130 6
384.21583 5
384.31425 5
384.41241 0
384.41241 1
384.41242 2
384.70943 0
384.70943 1
384.70944 2
384.80756 1
384.80756 2
385.20070 1
385.20070 2
385.29896 1
385.29896 2
385.29897 3
385.39718 2
385.39718 3
385.79090 2
385.79090 3
385.88893 2
385.88893 3
386.28208 2
386.28208 3
386.38031 3
386.38031 4
386.47845 4
386.47845 5
386.77287 5
386.77287 6
386.87126 5
387.16623 5
387.16623 6
387.26433 0
387.26433 1
387.55979 0
387.55979 1
387.55981 2
387.65827 1
387.65827 2
387.95304 1
387.95304 2
388.34629 0
388.34629 1
388.34630 2
388.34775 3
388.44493 2
388.44493 3
388.93624 2
388.93624 3
389.13290 1
389.13290 2
389.13291 3
389.52645 3
389.52645 4
389.62457 4
389.62457 5
389.72276 5
389.72276 6
390.01787 5
390.21418 5
390.21418 6
390.31245 0
390.31245 1
390.60767 0
390.60767 1
390.60768 2
390.70579 1
390.70579 2
391.00065 1
391.00065 2
391.09869 1
391.09869 2
391.09870 3
391.68846 1
391.68846 2
391.68847 3
391.78710 2
391.78710 3
392.18077 3
392.18077 4
392.27926 4
392.27926 5
392.37744 4
392.67257 4
392.67257 5
392.77074 0
392.77074 1
393.06563 0
393.06563 1
393.06564 2
393.45980 0
393.45980 1
393.45981 2
393.55835 1
393.55835 2
393.95167 1
393.95167 2
393.95168 3
394.04996 2
394.04996 3
394.14811 2
394.14811 3
394.63897 2
394.63897 3
394.63898 4
394.73717 4
394.73717 5
395.12969 5
395.12969 6
395.22812 5
395.52373 5
395.52373 6
395.62198 0
395.62198 1
395.91624 0
395.91624 1
395.91625 2
396.01432 1
396.01432 2
396.40730 1
396.40730 2
396.50561 1
396.50561 2
396.50562 3
396.80070 2
396.80070 3
396.89888 2
396.89888 3
396.99700 2
396.99700 3
397.48865 2
397.48865 3
397.58680 3
397.58680 4
397.58681 5
397.97991 5
397.97991 6
398.27478 5
398.37317 5
398.37317 6
398.47129 0
398.47129 1
398.76577 0
398.76577 1
398.76578 2
398.86428 1
398.86428 2
399.15967 1
399.15967 2
399.25772 1
399.25772 2
399.25773 3
400.04327 2
400.04327 3
400.04328 4
400.34015 4
400.34015 5
400.43817 4
400.43817 5
400.83198 3
400.83198 4
401.12666 0
401.12666 1
401.22484 0
401.22484 1
401.22485 2
401.51970 1
401.51970 2
401.81407 1
401.81407 2
401.91220 1
401.91220 2
401.91221 3
402.01067 2
402.01067 3
402.59981 0
402.59981 1
402.59982 2
402.60116 3
403.19026 3
403.19026 4
403.19027 5
403.28900 5
403.28900 6
403.58416 5
403.68228 5
403.68228 6
403.97703 0
403.97703 1
404.07538 0
404.07538 1
404.07539 2
404.46909 1
404.46909 2
404.56719 1
404.56719 2
404.66534 1
404.66534 2
404.66535 3
405.05867 2
405.05867 3
405.35333 2
405.35333 3
405.45149 2
405.45149 3
405.54961 3
405.54961 4
405.84515 4
405.84515 5
405.94318 5
405.94318 6
406.33654 5
406.53475 5
407.19400 6
407.39409 0
407.39409 1
407.39410 2
407.69107 0
407.69107 1
407.69108 2
407.78978 1
407.78978 2
408.18319 1
408.18319 2
408.28142 1
408.28142 2
408.47798 1
408.47798 2
408.47799 3
408.57635 2
408.57635 3
408.96958 2
408.96958 3
409.06764 2
409.06764 3
409.36262 2
409.36262 3
409.46101 3
409.46101 4
409.85413 4
409.85413 5
409.95236 4
410.14903 4
410.14903 5
410.24709 0
410.24709 1
410.54303 0
410.54303 1
410.54305 2
410.64161 1
410.64161 2
410.93687 1
410.93687 2
411.03497 1
411.03497 2
411.03498 3
411.52639 2
411.52639 3
411.62439 1
411.62439 2
411.62440 3
412.11660 3
412.11660 4
412.21470 4
412.21470 5
412.31283 5
412.31283 6
412.70650 5
412.80457 5
412.90318 0
412.90318 1
412.90320 2
413.19991 0
413.19991 1
413.19992 2
413.29857 1
413.29857 2
413.69239 1
413.69239 2
413.79052 1
413.79052 2
413.79053 3
413.88863 2
413.88863 3
415.03800 4
415.23809 0
415.23809 1
415.23810 2
415.53488 2
415.53488 3
415.53489 4
415.63344 4
415.63344 5
416.02670 5
416.02670 6
416.12525 5
416.22345 5
416.22345 6
416.51892 0
416.51892 1
416.61738 0
416.61738 1
416.61739 2
417.01095 1
417.01095 2
417.10917 1
417.10917 2
417.30584 1
417.30584 2
417.30585 3
417.40386 2
417.40386 3
418.98600 4
419.18609 0
419.18609 1
419.18610 2
419.48232 2
419.48232 3
419.48233 4
419.58099 4
419.58099 5
419.97377 5
419.97377 6
420.26799 5
420.26799 6
420.36614 0
420.36614 1
420.66207 0
420.66207 1
420.66208 2
420.76058 1
420.76058 2
421.05523 1
421.05523 2
421.15334 1
421.15334 2
421.54722 1
421.54722 2
421.54723 3
421.64592 2
421.64592 3
421.84221 2
421.84221 3
422.23519 2
422.23519 3
422.33322 2
422.33322 3
422.43139 3
422.43139 4
422.82427 4
422.82427 5
422.92256 5
422.92256 6
423.31583 5
423.31583 6
423.41440 0
423.41440 1
423.70978 0
423.70978 1
423.70979 2
423.80789 1
423.80789 2
424.20183 1
424.20183 2
424.30010 1
424.30010 2
424.49646 1
424.49646 2
424.49647 3
424.69322 2
424.69322 3
425.18467 1
425.18467 2
425.18468 3
425.48247 3
425.48247 4
425.58113 4
425.58113 5
425.87612 4
425.87612 5
425.97440 3
425.97440 4
426.26922 0
426.26922 1
426.36770 0
426.36770 1
426.36771 2
426.76091 1
426.76091 2
426.85928 1
426.85928 2
426.95760 1
426.95760 2
426.95762 3
428.14200 4
428.34209 0
428.34209 1
428.34210 2
428.63876 2
428.63876 3
428.63878 4
428.73708 4
428.73708 5
429.13109 4
429.22923 4
429.22923 5
429.32799 0
429.32799 1
429.62257 0
429.62257 1
429.62259 2
429.72083 1
429.72083 2
430.40832 0
430.40832 1
430.40834 2
430.70543 2
430.70543 3
430.80391 3
430.80391 4
431.09838 4
431.09838 5
431.19685 4
431.39500 0
431.39500 1
431.59509 0
431.59509 1
431.59510 2
431.89237 0
431.89237 1
431.89238 2
431.99051 1
431.99051 2
432.38445 1
432.38445 2
432.48265 1
432.48265 2
432.77704 1
432.77704 2
432.77705 3
432.87515 2
432.87515 3
433.07228 2
433.07228 3
434.44200 4
434.64209 1
434.64209 2
434.64210 3
434.93896 3
434.93896 4
435.03736 4
435.03736 5
435.43066 3
435.43066 4
435.63075 0
435.63075 1
435.83084 0
435.83084 1
435.83085 2
436.12782 0
436.12782 1
436.12783 2
436.22647 1
436.22647 2
436.52206 1
436.52206 2
436.62047 1
436.62047 2
437.11128 0
437.11128 1
437.11129 2
437.11232 3
437.20938 2
437.20938 3
439.05400 4
439.25409 0
439.25409 1
439.25410 2
439.55197 2
439.55197 3
439.55199 4
439.65027 4
439.65027 5
440.04337 5
440.04337 6
440.14182 5
440.23984 5
440.43824 0
440.43824 1
440.43826 2
440.73519 0
440.73519 1
440.73520 2
440.83389 1
440.83389 2
441.12880 1
441.12880 2
441.22692 1
441.22692 2
441.22693 3
441.62080 2
441.62080 3
441.71890 2
441.71890 3
442.01386 2
442.01386 3
442.21058 3
442.21058 4
442.50579 4
442.50579 5
442.60386 5
442.60386 6
442.70249 5
442.99834 5
444.90600 6
445.10609 0
445.10609 1
445.10610 2
445.40326 0
445.40326 1
445.40328 2
445.50159 1
445.50159 2
445.99281 0
445.99281 1
445.99282 2
446.48388 2
446.48388 3
446.58247 3
446.58247 4
446.87790 4
446.87790 5
446.97612 4
447.17425 0
447.17425 1
447.37433 0
447.37433 1
447.37435 2
447.67116 0
447.67116 1
447.67118 2
447.76919 1
447.76919 2
448.06363 1
448.06363 2
448.16178 1
448.16178 2
448.45719 1
448.45719 2
448.45720 3
448.55524 2
448.55524 3
449.14557 2
449.14557 3
449.24365 1
449.24365 2
449.24367 3
449.63700 3
449.63700 4
449.73523 4
449.73523 5
450.02945 5
450.02945 6
450.12808 5
450.32458 5
450.32458 6
450.42275 0
450.42275 1
450.71748 0
450.71748 1
450.71749 2
450.81595 1
450.81595 2
451.20935 1
451.20935 2
451.30832 1
451.30832 2
451.30833 3
451.40666 2
451.40666 3
453.12600 4
453.32609 0
453.32609 1
453.32610 2
453.62285 2
453.62285 3
453.62286 4
453.72108 4
453.72108 5
454.01543 5
454.01543 6
454.11409 5
454.40878 5
454.40878 6
454.50691 0
454.50691 1
454.80141 0
454.80141 1
454.80143 2
455.29330 0
455.29330 1
455.29331 2
455.29487 3
455.68908 1
455.68908 2
455.78802 1
455.78802 2
455.78803 3
455.98430 2
455.98430 3
456.37715 2
456.37715 3
456.47563 2
456.47563 3
456.57396 3
456.57396 4
456.96732 4
456.96732 5
457.06608 5
457.06608 6
457.36057 5
457.45899 5
457.45899 6
457.55709 0
457.55709 1
457.85211 0
457.85211 1
457.85212 2
457.95072 1
457.95072 2
458.24564 1
458.24564 2
458.34380 1
458.34380 2
458.34382 3
458.93352 2
458.93352 3
459.03177 1
459.03177 2
459.03178 3
459.62177 3
459.62177 4
459.91798 4
459.91798 5
460.11807 0
460.11807 1
461.64200 2
461.84209 0
461.84209 1
461.84210 2
462.13891 0
462.13891 1
462.13893 2
462.23713 1
462.23713 2
462.63119 1
462.63119 2
462.72938 1
462.72938 2
462.82753 1
462.82753 2
462.82754 3
463.41623 0
463.41623 1
463.41624 2
463.41731 3
463.90861 3
463.90861 4
464.00688 4
464.00688 5
464.10490 5
464.10490 6
464.59625 5
464.59625 6
464.69499 0
464.69499 1
465.08830 0
465.08830 1
465.08831 2
465.09000 3
465.48269 1
465.48269 2
465.77787 0
465.77787 1
465.77789 2
465.87598 1
465.87598 2
466.17112 1
466.17112 2
466.17113 3
466.56442 2
466.56442 3
466.76104 1
466.76104 2
466.76105 3
467.25316 2
467.25316 3
467.25317 4
467.35146 4
467.35146 5
467.64641 5
467.64641 6
467.84308 5
468.03943 5
468.03943 6
468.13775 0
468.13775 1
468.43276 0
468.43276 1
468.43278 2
468.53105 1
468.53105 2
468.92414 1
468.92414 2
469.02255 1
469.02255 2
469.02256 3
469.12071 2
469.12071 3
469.51366 2
469.51366 3
469.80805 2
469.80805 3
469.90658 2
469.90658 3
470.00465 3
470.00465 4
470.39759 4
470.39759 5
470.49579 5
470.49579 6
470.79096 5
470.88909 5
470.88909 6
470.98715 0
470.98715 1
471.28339 0
471.28339 1
471.28341 2
471.38157 1
471.38157 2
471.87266 0
471.87266 1
471.87267 2
471.97103 1
471.97103 2
471.97104 3
472.56114 1
472.56114 2
472.56115 3
473.05282 2
473.05282 3
473.05283 4
473.05388 5
473.34958 5
473.34958 6
473.44774 5
473.74324 5
473.74324 6
473.84154 0
473.84154 1
474.13714 0
474.13714 1
474.13715 2
474.23523 1
474.23523 2
474.62833 1
474.62833 2
474.72678 1
474.72678 2
474.72679 3
475.11935 1
475.11935 2
475.11936 3
475.21780 2
475.21780 3
476.53800 4
476.73809 0
476.73809 1
476.73810 2
477.03475 2
477.03475 3
477.03476 4
477.13310 4
477.13310 5
477.42784 5
477.42784 6
477.52627 5
477.82229 5
477.82229 6
477.92035 0
477.92035 1
478.21528 0
478.21528 1
478.21529 2
478.31419 1
478.31419 2
478.61029 1
478.61029 2
478.80682 1
478.80682 2
478.80683 3
478.90508 2
478.90508 3
479.39623 1
479.39623 2
479.39624 3
479.49467 2
479.49467 3
479.98750 3
479.98750 4
480.08564 4
480.08564 5
480.18370 5
480.18370 6
480.57686 5
480.67535 5
480.67535 6
480.77347 0
480.77347 1
481.06847 0
481.06847 1
481.06848 2
481.16705 1
481.16705 2
481.65836 0
481.65836 1
481.65837 2
481.75641 1
481.75641 2
481.75642 3
482.24796 1
482.24796 2
482.24797 3
482.73929 2
482.73929 3
482.73930 4
482.83772 4
482.83772 5
483.13291 5
483.13291 6
483.32944 5
483.42772 5
483.42772 6
483.72317 0
483.72317 1
483.82191 0
483.82191 1
483.82192 2
484.11713 1
484.11713 2
484.41206 1
484.41206 2
484.90308 1
484.90308 2
484.90309 3
485.00112 1
485.00112 2
485.00113 3
485.59038 0
485.59038 1
485.59039 2
485.59148 3
486.08186 3
486.08186 4
486.37701 4
486.37701 5
486.47551 4
486.76974 2
486.76974 3
487.06645 3
487.06645 4
487.26654 0
487.26654 1
487.46663 0
487.46663 1
487.46664 2
487.76309 0
487.76309 1
487.76310 2
487.86186 1
487.86186 2
488.25490 1
488.25490 2
488.35382 1
488.35382 2
488.55057 1
488.55057 2
488.55058 3
488.64904 2
488.64904 3
489.73800 4
489.93809 0
489.93809 1
489.93810 2
490.23531 2
490.23531 3
490.23532 4
490.33339 4
490.33339 5
490.72656 5
490.72656 6
490.82548 5
491.02223 5
491.02223 6
491.12071 0
491.12071 1
491.51416 0
491.51416 1
491.51417 2
491.51547 3
491.90879 1
491.90879 2
492.00711 1
492.00711 2
492.10516 1
492.10516 2
492.10518 3
492.59674 2
492.59674 3
492.89319 3
492.89319 4
493.28753 2
494.89400 3
495.09409 1
495.09409 2
495.09410 3
495.39079 3
495.39079 4
495.39080 5
495.39227 6
495.48913 5
495.48913 6
495.98031 1
495.98031 2
496.27496 1
496.27496 2
496.37356 2
496.37356 3
496.66915 3
496.66915 4
496.76722 4
496.76722 5
497.06235 4
497.16057 0
497.16057 1
497.36066 0
497.36066 1
497.36067 2
497.65751 0
497.65751 1
497.65752 2
497.75593 1
497.75593 2
498.14876 1
498.14876 2
498.44384 0
498.44384 1
498.44385 2
498.54222 1
498.54222 2
498.54223 3
499.13186 0
499.13186 1
499.13187 2
499.13309 3
499.52564 3
499.52564 4
499.62383 4
499.62383 5
500.01654 5
500.01654 6
500.11467 5
500.21285 5
500.21285 6
500.50758 0
500.50758 1
500.60573 0
500.60573 1
500.60574 2
500.90058 1
500.90058 2
501.19508 1
501.19508 2
501.29316 1
501.29316 2
501.29317 3
501.78470 1
501.78470 2
501.78471 3
501.88278 2
501.88278 3
502.27555 2
502.27555 3
502.37362 1
502.37362 2
502.37363 3
502.56967 2
502.56967 3
502.56968 4
503.06169 3
503.06169 4
503.25840 4
503.25840 5
503.65109 5
503.65109 6
503.74910 5
503.94742 1
503.94742 2
504.14751 2
505.26600 3
505.46609 0
505.46609 1
505.46610 2
505.76285 0
505.76285 1
505.76286 2
505.86148 1
505.86148 2
506.25563 1
506.25563 2
506.35374 1
506.35374 2
506.54995 1
506.54995 2
506.54996 3
506.74634 2
506.74634 3
507.23747 1
507.23747 2
507.23748 3
507.23896 4
507.63241 4
507.63241 5
507.92703 5
507.92703 6
508.02525 5
508.22346 0
508.22346 1
508.42355 0
508.42355 1
508.42356 2
508.72047 0
508.72047 1
508.72048 2
508.81900 1
508.81900 2
509.11410 1
509.11410 2
509.31079 1
509.31079 2
509.60609 1
509.60609 2
509.60610 3
509.70425 2
509.70425 3
509.80231 2
509.80231 3
510.19543 2
510.19543 3
510.49007 3
510.49007 4
510.58814 4
510.58814 5
510.88280 5
510.88280 6
510.98114 5
511.07976 5
511.07976 6
511.37513 0
511.37513 1
511.47319 0
511.47319 1
511.47320 2
511.76777 1
511.76777 2
511.86591 1
511.86591 2
512.16080 1
512.16080 2
512.16081 3
512.45538 2
512.45538 3
512.65147 2
512.65147 3
512.94631 1
512.94631 2
512.94632 3
513.33934 3
513.33934 4
513.43762 4
513.43762 5
513.63442 5
513.63442 6
513.83112 5
514.02749 5
514.02749 6
514.12585 0
514.12585 1
514.42027 0
514.42027 1
514.42028 2
514.51844 1
514.51844 2
514.81374 1
514.81374 2
514.91220 1
514.91220 2
514.91221 3
515.40333 1
515.40333 2
515.40334 3
515.50148 2
515.50148 3
515.99280 3
515.99280 4
516.09159 4
516.09159 5
516.18961 5
516.18961 6
516.58268 5
516.68117 5
516.77925 0
516.77925 1
516.77926 2
517.07573 0
517.07573 1
517.07574 2
517.17410 1
517.17410 2
517.46896 1
517.46896 2
517.56705 1
517.56705 2
517.56707 3
517.96018 2
517.96018 3
518.05875 2
518.05875 3
518.45265 2
518.45265 3
518.55109 3
518.55109 4
518.84587 4
518.84587 5
518.94389 5
518.94389 6
519.04189 5
519.33694 5
519.43517 0
519.43517 1
519.43518 2
519.73196 0
519.73196 1
519.73197 2
519.83087 1
519.83087 2
520.22406 1
520.22406 2
520.32228 1
520.32228 2
520.32229 3
520.42030 2
520.42030 3
520.91211 2
520.91211 3
521.10856 1
521.10856 2
521.10858 3
521.50252 3
521.50252 4
521.60093 4
521.60093 5
521.79738 5
521.79738 6
521.89547 5
522.19067 5
522.19067 6
522.68245 0
522.68245 1
522.68247 2
522.97898 0
522.97898 1
522.97900 2
523.07743 1
523.07743 2
523.47037 1
523.47037 2
523.56883 1
523.56883 2
523.56885 3
523.76542 2
523.76542 3
524.15873 2
524.15873 3
524.25725 2
524.25725 3
524.35540 3
524.35540 4
524.65060 4
524.65060 5
524.94537 5
524.94537 6
525.04399 5
525.14209 5
525.34037 0
525.34037 1
525.34038 2
525.63757 0
525.63757 1
525.63758 2
526.12830 0
526.12830 1
526.12831 2
526.12938 3
526.52355 1
526.52355 2
526.62162 1
526.62162 2
526.62163 3
526.81781 2
526.81781 3
527.83400 4
528.07735 1
528.07735 2
528.07736 3
528.37389 3
528.37389 4
528.47212 4
528.47212 5
528.76716 4
528.76716 5
528.86551 3
528.86551 4
529.16114 0
529.16114 1
529.25930 0
529.25930 1
529.25931 2
529.55448 1
529.55448 2
529.84876 1
529.84876 2
529.94709 1
529.94709 2
529.94710 3
530.04547 2
530.04547 3
530.63464 1
530.63464 2
530.63465 3
531.02817 2
531.02817 3
531.02818 4
531.12625 4
531.12625 5
531.71698 5
531.71698 6
531.91706 0
531.91706 1
532.11715 0
532.11715 1
532.11716 2
532.41467 0
532.41467 1
532.41468 2
532.51314 1
532.51314 2
532.80786 1
532.80786 2
532.90588 1
532.90588 2
532.90589 3
533.39712 1
533.39712 2
533.39713 3
533.59325 2
533.59325 3
533.98659 3
533.98659 4
534.08524 4
534.08524 5
534.38008 4
534.47864 2
534.47864 3
534.67873 3
534.67873 4
534.87882 0
534.87882 1
535.07891 0
535.07891 1
535.07892 2
535.37576 0
535.37576 1
535.37578 2
535.47444 1
535.47444 2
535.86818 1
535.86818 2
535.96631 1
535.96631 2
536.16285 1
536.16285 2
536.16286 3
536.26097 2
536.26097 3
536.85166 0
536.85166 1
536.85167 2
536.85298 3
537.24438 3
537.24438 4
537.34243 4
537.34243 5
537.73620 5
537.73620 6
537.83443 5
538.03120 5
538.03120 6
538.12941 0
538.12941 1
538.42457 0
538.42457 1
538.42458 2
538.52271 1
538.52271 2
538.81710 1
538.81710 2
538.91569 1
538.91569 2
538.91570 3
539.50483 1
539.50483 2
539.50484 3
539.99647 2
539.99647 3
539.99648 4
539.99758 5
540.29346 5
540.29346 6
540.39153 5
540.68679 5
540.78532 0
540.78532 1
540.78533 2
541.08147 0
541.08147 1
541.08148 2
541.47490 0
541.47490 1
541.47491 2
541.57295 1
541.57295 2
541.86748 1
541.86748 2
541.86749 3
542.16238 2
542.16238 3
542.35869 2
542.35869 3
542.85164 1
542.85164 2
542.85165 3
542.85311 4
543.14827 4
543.14827 5
543.34448 5
543.34448 6
543.44257 5
543.73758 5
543.73758 6
544.03390 0
544.03390 1
544.03391 2
544.33085 0
544.33085 1
544.33086 2
544.42975 1
544.42975 2
544.82304 1
544.82304 2
544.92163 1
544.92163 2
544.92164 3
545.01963 2
545.01963 3
545.60933 2
545.60933 3
545.70760 1
545.70760 2
545.70761 3
546.00227 3
546.00227 4
546.10030 4
546.10030 5
546.39522 5
546.39522 6
546.49379 5
546.78902 5
546.78902 6
546.88704 0
546.88704 1
547.18157 0
547.18157 1
547.18158 2
547.27972 1
547.27972 2
547.67398 1
547.67398 2
547.77208 1
547.77208 2
547.77209 3
548.26310 2
548.26310 3
548.55758 0
548.55758 1
548.55759 2
548.55950 3
548.65561 2
548.65561 3
549.24535 2
549.24535 3
549.34408 1
549.34408 2
549.34409 3
549.34545 4
549.83554 4
549.83554 5
549.93390 5
549.93390 6
550.32705 5
550.42526 1
550.42526 2
550.62535 2
551.80600 3
552.00609 0
552.00609 1
552.00610 2
552.30315 0
552.30315 1
552.30317 2
552.40152 1
552.40152 2
552.69657 1
552.69657 2
552.79470 1
552.79470 2
553.18728 1
553.18728 2
553.18729 3
553.28619 2
553.28619 3
553.38423 2
553.38423 3
553.97334 2
553.97334 3
553.97335 4
554.27020 4
554.27020 5
554.36858 4
555.55000 5
555.75009 2
555.75009 3
555.75010 4
556.04761 4
556.04761 5
556.04762 6
556.04899 7
556.44135 0
556.44135 1
556.44136 2
556.53969 2
556.93285 1
556.93285 2
557.03093 1
557.03093 2
557.12911 1
557.12911 2
557.12912 3
557.71870 1
557.71870 2
557.71871 3
558.11161 2
558.11161 3
558.11162 4
558.21006 4
558.21006 5
558.50554 5
558.50554 6
558.60419 5
558.89894 5
558.89894 6
558.99788 0
558.99788 1
559.29382 0
559.29382 1
559.29383 2
559.39234 1
559.39234 2
559.68696 1
559.68696 2
559.98150 1
559.98150 2
559.98151 3
560.07994 2
560.07994 3
560.37443 2
560.37443 3
560.86568 2
560.86568 3
560.96426 0
560.96426 1
560.96428 2
560.96588 3
561.45538 1
561.45538 2
561.45539 3
561.45725 4
562.14304 3
562.14304 4
562.34313 0
562.34313 1
562.54322 0
562.54322 1
562.54323 2
562.84025 0
562.84025 1
562.84026 2
562.93888 1
562.93888 2
563.33186 1
563.33186 2
563.43020 1
563.43020 2
563.43021 3
563.82365 2
563.82365 3
563.92179 1
563.92179 2
563.92180 3
564.21680 2
564.21680 3
564.41322 2
564.41322 3
564.80594 2
564.80594 3
564.80596 4
564.90441 4
564.90441 5
565.29808 5
565.29808 6
565.39629 5
565.39629 6
565.69140 6
565.78957 4
565.78957 5
565.88773 0
565.88773 1
566.28096 0
566.28096 1
566.28098 2
566.77250 0
566.77250 1
566.77251 2
566.87129 1
566.87129 2
567.26479 1
567.26479 2
567.36366 1
567.36366 2
567.36367 3
567.75653 2
567.75653 3
567.85532 1
567.85532 2
567.85533 3
567.95347 2
567.95347 3
568.44655 3
568.44655 4
568.64665 4
568.64665 5
568.84674 3
570.05000 4
570.25009 1
570.25009 2
570.25010 3
570.54638 3
570.54638 4
570.54639 5
570.54755 6
570.64480 5
570.64480 6
571.03764 1
571.03764 2
571.43062 1
571.43062 2
571.52901 2
571.52901 3
571.82415 3
571.82415 4
572.12101 4
572.12101 5
572.32110 0
572.32110 1
572.52119 0
572.52119 1
572.52120 2
572.81795 0
572.81795 1
572.81796 2
572.91610 1
572.91610 2
573.21124 1
573.21124 2
573.40754 1
573.40754 2
573.40755 3
573.60387 2
573.60387 3
573.89866 2
573.89866 3
574.09502 2
574.09502 3
574.38984 3
574.38984 4
574.48802 4
574.48802 5
574.78244 5
574.78244 6
574.88069 5
575.07686 5
575.07686 6
575.17537 0
575.17537 1
575.46991 0
575.46991 1
575.46992 2
575.56835 1
575.56835 2
575.96135 1
575.96135 2
576.05980 1
576.05980 2
576.05982 3
576.15793 2
576.15793 3
577.27800 4
577.47809 0
577.47809 1
577.47810 2
577.77486 2
577.77486 3
577.77488 4
577.87330 4
577.87330 5
578.16811 5
578.16811 6
578.36444 5
578.46259 5
578.46259 6
578.75727 0
578.75727 1
578.85536 0
578.85536 1
578.85537 2
579.24811 1
579.24811 2
579.34623 1
579.34623 2
579.64101 1
579.64101 2
579.64103 3
579.93593 1
579.93593 2
579.93595 3
580.23090 2
580.23090 3
580.32891 2
580.32891 3
580.42740 2
580.42740 3
581.21401 2
581.21401 3
581.21402 4
581.51053 4
581.51053 5
581.60883 4
582.00177 0
582.00177 1
582.20186 0
582.20186 1
582.20187 2
582.49849 0
582.49849 1
582.49850 2
582.59681 1
582.59681 2
582.89166 1
582.89166 2
583.08788 1
583.08788 2
583.28408 1
583.28408 2
583.28410 3
583.48077 2
583.48077 3
583.87369 2
583.87369 3
583.97182 2
583.97182 3
584.36471 3
584.36471 4
584.36472 5
584.46276 5
584.46276 6
584.75843 5
584.85664 5
584.85664 6
585.15161 0
585.15161 1
585.25020 0
585.25020 1
585.25021 2
585.54567 1
585.54567 2
585.64373 1
585.64373 2
586.03698 1
586.03698 2
586.03699 3
586.13541 2
586.13541 3
586.23371 2
586.23371 3
586.82251 2
586.82251 3
586.82253 4
587.11876 4
587.11876 5
587.21722 4
587.41578 2
587.41578 3
587.61587 3
587.61587 4
587.81596 0
587.81596 1
588.01605 0
588.01605 1
588.01606 2
588.31272 0
588.31272 1
588.31274 2
588.41152 1
588.41152 2
588.80470 1
588.80470 2
588.90304 1
588.90304 2
589.00114 1
589.00114 2
589.00116 3
589.39403 2
589.39403 3
589.68975 2
589.68975 3
589.78783 2
589.78783 3
589.88613 3
589.88613 4
590.18091 4
590.18091 5
590.27909 5
590.27909 6
590.57458 5
590.77130 5
590.77130 6
590.86949 0
590.86949 1
591.16467 0
591.16467 1
591.16468 2
591.26284 1
591.26284 2
591.65633 1
591.65633 2
591.85296 0
591.85296 1
591.85297 2
591.85462 3
593.01800 4
593.21809 0
593.21809 1
593.21810 2
593.51490 2
593.51490 3
593.51492 4
593.61329 4
593.61329 5
594.00631 5
594.00631 6
594.10466 5
594.30118 5
594.39964 0
594.39964 1
594.39966 2
594.69647 0
594.69647 1
594.69648 2
594.79504 1
594.79504 2
595.09027 1
595.09027 2
595.18883 1
595.18883 2
595.18884 3
595.58256 2
595.58256 3
595.77880 2
595.77880 3
595.87705 2
595.87705 3
596.17186 3
596.17186 4
596.36832 4
596.36832 5
596.46664 5
596.46664 6
596.86015 5
597.05906 0
597.05906 1
597.05907 2
597.35559 0
597.35559 1
597.35561 2
597.74912 0
597.74912 1
597.74913 2
597.84727 1
597.84727 2
598.14189 1
598.14189 2
598.43678 1
598.43678 2
598.43679 3
598.53488 2
598.53488 3
598.63302 2
598.63302 3
599.12363 2
599.12363 3
599.22220 3
599.22220 4
599.22221 5
599.61529 5
599.61529 6
599.81179 5
599.90981 5
599.90981 6
600.20479 0
600.20479 1
600.30327 0
600.30327 1
600.30328 2
600.59910 1
600.59910 2
600.69718 1
600.69718 2
601.09006 1
601.09006 2
601.09007 3
601.18837 2
601.18837 3
601.28647 2
601.28647 3
602.43400 4
602.63409 2
602.63409 3
602.63410 4
602.93062 4
602.93062 5
602.93063 6
602.93235 7
603.02897 6
603.32368 0
603.32368 1
603.32369 2
603.52006 2
603.71637 1
603.71637 2
604.87000 3
605.16665 1
605.16665 2
605.16667 3
605.56040 3
605.56040 4
605.56041 5
605.56178 6
605.65843 5
605.65843 6
606.24844 1
606.24844 2
606.34649 1
606.34649 2
606.64143 2
606.64143 3
606.73990 3
606.73990 4
607.13290 4
607.13290 5
607.33299 0
607.33299 1
607.53308 0
607.53308 1
607.53309 2
607.82991 0
607.82991 1
607.82992 2
607.92804 1
607.92804 2
608.32082 1
608.32082 2
608.41914 1
608.41914 2
608.41915 3
608.51715 2
608.51715 3
608.91064 2
608.91064 3
609.00896 2
609.00896 3
609.40247 2
609.40247 3
609.50093 3
609.50093 4
609.59903 4
609.59903 5
609.99278 5
609.99278 6
610.09144 5
610.18963 5
610.18963 6
610.48547 0
610.48547 1
610.58379 0
610.58379 1
610.58380 2
610.87842 1
610.87842 2
611.36926 0
611.36926 1
611.36928 2
611.76220 2
611.76220 3
611.86030 3
611.86030 4
612.15523 4
612.15523 5
612.25328 4
612.45182 0
612.45182 1
612.65191 0
612.65191 1
612.65192 2
612.94833 0
612.94833 1
612.94834 2
613.04674 1
613.04674 2
613.43970 1
613.43970 2
613.53788 1
613.53788 2
613.73430 1
613.73430 2
613.73432 3
613.93047 2
613.93047 3
614.42141 1
614.42141 2
614.42142 3
614.71803 3
614.71803 4
614.81605 4
614.81605 5
615.11086 4
615.11086 5
615.20902 3
615.20902 4
615.50324 0
615.50324 1
615.60126 0
615.60126 1
615.60127 2
615.99477 1
615.99477 2
616.09281 1
616.09281 2
616.28904 1
616.28904 2
616.28905 3
616.48573 2
616.48573 3
616.97743 1
616.97743 2
616.97745 3
617.27520 3
617.27520 4
617.37343 4
617.37343 5
617.66804 4
617.66804 5
617.76621 3
617.76621 4
618.15984 0
618.15984 1
618.15985 2
618.45661 0
618.45661 1
618.45662 2
618.55480 1
618.55480 2
618.94789 1
618.94789 2
619.04657 1
619.04657 2
619.04658 3
619.34129 2
619.34129 3
619.63612 2
619.63612 3
619.73416 1
619.73416 2
619.73418 3
620.91000 4
621.11009 0
621.11009 1
621.11010 2
621.40747 2
621.40747 3
621.40748 4
621.50562 4
621.50562 5
621.80113 5
621.80113 6
621.99723 5
622.09539 5
622.29423 0
622.29423 1
622.29424 2
622.59121 0
622.59121 1
622.59122 2
622.98384 0
622.98384 1
622.98386 2
623.08251 1
623.08251 2
623.37733 1
623.37733 2
623.37735 3
623.47547 2
623.47547 3
623.86928 2
623.86928 3
624.06548 2
624.06548 3
624.36047 2
624.36047 3
624.45933 3
624.45933 4
624.55755 4
624.55755 5
624.85239 5
624.85239 6
625.04882 5
625.24524 5
625.24524 6
625.34363 0
625.34363 1
625.63855 0
625.63855 1
625.63856 2
625.73711 1
625.73711 2
626.03163 1
626.03163 2
626.32662 1
626.32662 2
626.32663 3
626.42465 2
626.42465 3
626.62145 2
626.62145 3
626.81777 2
626.81777 3
627.21137 2
627.21137 3
627.30976 3
627.30976 4
627.70285 4
627.70285 5
627.90294 3
627.90294 4
628.10303 0
628.10303 1
628.30312 0
628.30312 1
628.30313 2
628.59999 0
628.59999 1
628.60000 2
628.69828 1
628.69828 2
628.99378 1
628.99378 2
629.09191 1
629.09191 2
629.48488 1
629.48488 2
629.48489 3
629.58306 2
629.58306 3
629.68173 2
629.68173 3
630.17262 2
630.17262 3
630.27064 3
630.27064 4
630.56576 4
630.56576 5
630.66392 4
630.86234 2
630.86234 3
631.06243 3
631.06243 4
631.26252 0
631.26252 1
631.46261 0
631.46261 1
631.46262 2
631.75898 0
631.75898 1
631.75899 2
631.85763 1
631.85763 2
632.25084 1
632.25084 2
632.34902 1
632.34902 2
632.44703 1
632.44703 2
632.44705 3
633.51800 4
633.71809 0
633.71809 1
633.71810 2
634.01468 2
634.01468 3
634.01469 4
634.11344 4
634.11344 5
634.40848 5
634.40848 6
634.70343 5
634.80146 5
634.80146 6
634.90000 0
634.90000 1
635.19573 0
635.19573 1
635.19574 2
635.29420 1
635.29420 2
635.58983 1
635.58983 2
635.78629 1
635.78629 2
635.78631 3
635.88460 2
635.88460 3
636.47416 0
636.47416 1
636.47417 2
636.47537 3
636.86699 3
636.86699 4
636.96502 4
636.96502 5
637.35826 5
637.35826 6
637.45670 5
637.55511 5
637.55511 6
637.85036 0
637.85036 1
637.94869 0
637.94869 1
637.94870 2
638.24411 1
638.24411 2
638.34229 1
638.34229 2
638.63712 1
638.63712 2
638.63713 3
639.02968 2
639.02968 3
639.32397 1
639.32397 2
639.32398 3
639.71800 1
639.71800 2
639.71801 3
639.91429 1
639.91429 2
639.91430 3
640.30822 2
640.30822 3
640.30823 4
640.40630 4
640.40630 5
640.99540 5
640.99540 6
641.09371 5
641.29242 2
641.29242 3
641.68672 1
641.68672 2
641.88680 0
641.88680 1
642.08689 0
642.08689 1
642.08691 2
642.38413 0
642.38413 1
642.38415 2
642.48279 1
642.48279 2
642.77732 1
642.77732 2
643.07209 1
643.07209 2
643.17023 1
643.17023 2
643.17024 3
643.36733 2
643.36733 3
643.85787 1
643.85787 2
643.85788 3
644.15461 3
644.15461 4
644.25291 4
644.25291 5
644.54757 4
644.54757 5
644.64616 3
644.64616 4
644.94145 0
644.94145 1
645.03971 0
645.03971 1
645.03973 2
645.43340 1
645.43340 2
645.53150 1
645.53150 2
645.82678 1
645.82678 2
645.82679 3
645.92563 2
645.92563 3
646.41628 0
646.41628 1
646.41630 2
646.41822 3
646.41931 4
647.44600 5
649.51000 6
649.71009 0
649.71009 1
649.71010 2
650.00671 2
650.00671 3
650.00672 4
650.00858 5
650.10483 4
650.10483 5
650.59634 1
650.59634 2
650.69448 1
650.69448 2
651.08833 2
651.08833 3
651.18692 3
651.18692 4
651.48117 4
651.48117 5
651.57925 4
651.77774 0
651.77774 1
651.97783 0
651.97783 1
651.97784 2
652.27504 0
652.27504 1
652.27505 2
652.37320 1
652.37320 2
652.66816 1
652.66816 2
652.86433 1
652.86433 2
652.96246 1
652.96246 2
652.96247 3
653.55267 1
653.55267 2
653.55268 3
653.94627 2
653.94627 3
653.94629 4
654.04445 4
654.04445 5
654.33966 5
654.33966 6
654.53615 5
654.63424 5
654.63424 6
654.92934 0
654.92934 1
655.02826 0
655.02826 1
655.02827 2
655.32271 1
655.32271 2
655.61797 1
655.61797 2
655.71631 1
655.71631 2
655.71633 3
655.91267 2
655.91267 3
657.75400 4
657.95409 1
657.95409 2
657.95410 3
658.25142 3
658.25142 4
658.34996 4
658.34996 5
658.64456 4
658.64456 5
658.74273 3
658.74273 4
659.03855 0
659.03855 1
659.13681 0
659.13681 1
659.13682 2
659.43200 1
659.43200 2
659.72704 1
659.72704 2
659.82522 1
659.82522 2
659.82523 3
659.92369 2
659.92369 3
660.31686 2
660.31686 3
660.61120 2
660.61120 3
660.90588 2
660.90588 3
660.90589 4
661.00424 4
661.00424 5
661.29931 5
661.29931 6
661.49551 5
661.69170 5
661.69170 6
661.78988 0
661.78988 1
662.08521 0
662.08521 1
662.08522 2
662.18403 1
662.18403 2
662.57726 1
662.57726 2
662.67528 1
662.67528 2
662.67529 3
662.77334 2
662.77334 3
663.36256 2
663.36256 3
663.46069 1
663.46069 2
663.46070 3
663.75557 3
663.75557 4
663.85387 4
663.85387 5
664.34619 5
664.34619 6
664.44503 5
664.64348 0
664.64348 1
664.84357 0
664.84357 1
664.84358 2
665.14022 0
665.14022 1
665.14023 2
665.23825 1
665.23825 2
665.63098 1
665.63098 2
665.72906 1
665.72906 2
666.02355 1
666.02355 2
666.02356 3
666.12200 2
666.12200 3
666.31897 2
666.31897 3
666.71162 1
666.71162 2
666.71163 3
667.10501 3
667.10501 4
667.20386 4
667.20386 5
667.49934 4
667.49934 5
667.59757 3
667.59757 4
667.89232 0
667.89232 1
667.99103 0
667.99103 1
667.99104 2
668.48262 0
668.48262 1
668.48263 2
668.58085 1
668.58085 2
668.97420 1
668.97420 2
668.97421 3
669.07245 2
669.07245 3
669.17058 2
669.17058 3
669.56321 2
669.56321 3
669.85878 3
669.85878 4
669.95748 4
669.95748 5
670.25231 4
670.25231 5
670.54881 0
670.54881 1
670.54882 2
670.94268 0
670.94268 1
670.94269 2
671.43645 0
671.43645 1
671.43646 2
671.73306 2
671.73306 3
671.83128 3
671.83128 4
672.12655 3
672.22509 0
672.22509 1
672.42518 0
672.42518 1
672.42520 2
672.72184 0
672.72184 1
672.72185 2
672.82029 1
672.82029 2
673.11477 1
673.11477 2
673.31094 1
673.31094 2
673.70430 0
673.70430 1
673.70431 2
673.70562 3
673.80235 2
673.80235 3
674.19574 2
674.19574 3
674.29377 2
674.29377 3
674.58892 2
674.58892 3
674.68693 3
674.68693 4
674.98250 4
674.98250 5
675.08086 5
675.08086 6
675.47399 5
675.67066 0
675.67066 1
675.67067 2
675.96744 0
675.96744 1
675.96745 2
676.06613 1
676.06613 2
676.36087 1
676.36087 2
676.55741 1
676.55741 2
676.85212 1
676.85212 2
676.85213 3
676.95070 2
676.95070 3
677.04873 2
677.04873 3
678.23400 4
678.43409 2
678.43409 3
678.43410 4
678.73094 4
678.73094 5
678.73095 6
678.73219 7
678.82910 6
678.82910 7
679.41928 4
679.41928 5
679.51736 1
679.51736 2
679.91187 2
679.91187 3
679.91188 4
680.20823 4
680.20823 5
680.30672 4
680.50508 0
680.50508 1
680.70517 0
680.70517 1
680.70518 2
681.00260 0
681.00260 1
681.00261 2
681.10074 1
681.10074 2
681.49352 1
681.49352 2
681.59163 1
681.59163 2
681.88643 1
681.88643 2
681.88645 3
681.98471 2
681.98471 3
682.08284 2
682.08284 3
682.57584 2
682.57584 3
682.77593 3
682.77593 4
682.97602 2
684.16200 3
684.36209 1
684.36209 2
684.36210 3
684.65905 3
684.65905 4
684.65906 5
684.66069 6
684.75709 5
684.75709 6
685.14998 1
685.14998 2
685.24828 2
685.54408 1
685.54408 2
685.93690 2
685.93690 3
686.03528 3
686.03528 4
686.33093 3
686.42950 0
686.42950 1
686.72571 0
686.72571 1
686.72572 2
687.11879 0
687.11879 1
687.11880 2
687.21727 1
687.21727 2
687.61083 1
687.61083 2
687.70902 1
687.70902 2
687.90528 1
687.90528 2
687.90530 3
688.10161 2
688.10161 3
688.29793 2
688.29793 3
688.59251 2
688.59251 3
688.88713 3
688.88713 4
688.98550 4
688.98550 5
689.28131 4
689.28131 5
689.37940 3
689.37940 4
689.67467 0
689.67467 1
689.77275 0
689.77275 1
689.77276 2
690.16590 1
690.16590 2
690.26428 1
690.26428 2
690.36241 1
690.36241 2
690.36242 3
690.85299 2
690.85299 3
691.04944 1
691.04944 2
691.04946 3
691.44271 3
691.44271 4
691.54113 3
691.73784 3
691.73784 4
691.83586 0
691.83586 1
692.13081 0
692.13081 1
692.13082 2
692.22912 1
692.22912 2
692.62209 1
692.62209 2
692.72047 1
692.72047 2
692.72049 3
692.91667 2
692.91667 3
693.21142 2
693.21142 3
693.30973 2
693.30973 3
693.70360 3
693.70360 4
693.99879 4
693.99879 5
694.09683 4
694.29544 0
694.29544 1
694.49553 0
694.49553 1
694.49554 2
694.79229 0
694.79229 1
694.79231 2
694.89125 1
694.89125 2
695.18678 1
695.18678 2
695.28514 1
695.28514 2
695.57990 1
695.57990 2
695.57991 3
695.77639 2
695.77639 3
696.16963 2
696.16963 3
696.26819 2
696.26819 3
696.46499 3
696.46499 4
696.56313 4
696.56313 5
696.95719 5
696.95719 6
697.05536 5
697.25194 5
697.25194 6
697.35005 0
697.35005 1
697.64552 0
697.64552 1
697.64553 2
697.74428 1
697.74428 2
698.13719 1
698.13719 2
698.23546 1
698.23546 2
698.23547 3
698.43185 2
698.43185 3
698.62895 2
698.62895 3
698.92579 3
698.92579 4
699.12588 2
700.29000 3
700.49009 1
700.49009 2
700.49010 3
700.78706 3
700.78706 4
700.78707 5
700.78868 6
700.88530 5
700.88530 6
701.57322 1
701.57322 2
701.77331 1
701.77331 2
701.77332 3
702.07037 3
702.07037 4
702.16844 4
702.16844 5
702.46354 4
702.56167 0
702.56167 1
704.10600 2
704.30609 0
704.30609 1
704.30610 2
704.60252 0
704.60252 1
704.60253 2
704.70055 1
704.70055 2
704.99569 1
704.99569 2
705.29042 1
705.29042 2
705.38894 1
705.38894 2
705.38895 3
705.78287 2
705.78287 3
705.97898 1
705.97898 2
705.97900 3
706.47021 2
706.47021 3
706.47023 4
706.56882 4
706.56882 5
706.96225 5
706.96225 6
707.06050 5
707.25738 5
707.25738 6
707.35555 0
707.35555 1
707.65075 0
707.65075 1
707.65076 2
707.74885 1
707.74885 2
708.14272 1
708.14272 2
708.24075 1
708.24075 2
708.24076 3
708.33907 2
708.33907 3
709.83800 4
710.03809 0
710.03809 1
710.03810 2
710.33516 2
710.33516 3
710.33518 4
710.43339 4
710.43339 5
710.82666 5
710.82666 6
710.92543 5
711.12153 5
711.12153 6
711.21974 0
711.21974 1
711.51487 0
711.51487 1
711.51488 2
711.61327 1
711.61327 2
711.90819 1
711.90819 2
712.00641 1
712.00641 2
712.00642 3
712.49816 1
712.49816 2
712.49817 3
712.59647 2
712.59647 3
712.98932 3
712.98932 4
713.08739 4
713.08739 5
713.48143 5
713.48143 6
713.57947 5
713.77586 5
713.87470 0
713.87470 1
713.87471 2
714.17135 0
714.17135 1
714.17137 2
714.26976 1
714.26976 2
714.66358 0
714.66358 1
714.66359 2
715.05688 1
715.05688 2
715.05690 3
715.15581 2
715.15581 3
715.35249 2
715.35249 3
715.74590 2
715.74590 3
715.84453 2
715.84453 3
716.04073 3
716.04073 4
716.13891 4
716.13891 5
716.53213 5
716.53213 6
716.63056 5
716.82749 5
716.82749 6
717.12433 0
717.12433 1
717.12434 2
718.50600 3
718.70609 0
718.70609 1
718.70610 2
718.70720 3
719.10052 1
719.10052 2
719.19866 1
719.19866 2
719.49324 1
719.49324 2
719.59128 1
719.59128 2
719.59129 3
719.88583 2
719.88583 3
719.98406 2
719.98406 3
720.08212 2
720.08212 3
720.67201 2
720.67201 3
720.67202 4
720.96872 4
720.96872 5
721.06718 4
721.26526 2
721.26526 3
721.46535 3
721.46535 4
723.34600 5
723.54609 0
723.54609 1
723.54610 2
723.84272 0
723.84272 1
723.84273 2
723.94081 1
723.94081 2
724.33357 1
724.33357 2
724.43164 1
724.43164 2
724.53003 1
724.53003 2
724.53004 3
725.21842 2
725.21842 3
725.61374 1
725.61374 2
725.61375 3
725.61500 4
725.91088 4
725.91088 5
726.10739 5
726.10739 6
726.20563 5
726.50077 5
726.50077 6
726.59924 0
726.59924 1
726.89403 0
726.89403 1
726.89404 2
726.99222 1
726.99222 2
727.38587 1
727.38587 2
727.48401 1
727.48401 2
727.48402 3
727.97611 1
727.97611 2
727.97613 3
728.07489 2
728.07489 3
728.17310 2
728.17310 3
728.66434 2
728.66434 3
728.76282 3
728.76282 4
729.05802 4
729.05802 5
729.15634 4
729.35461 2
729.35461 3
729.55470 3
729.55470 4
729.75479 0
729.75479 1
729.95488 0
729.95488 1
729.95489 2
730.25206 0
730.25206 1
730.25208 2
730.35072 1
730.35072 2
730.93991 0
730.93991 1
730.93992 2
731.33374 0
731.33374 1
731.33375 2
731.43233 1
731.43233 2
731.43235 3
732.59000 4
732.90785 1
732.90785 2
732.90786 3
733.20534 3
733.20534 4
733.30358 4
733.30358 5
733.59882 4
733.59882 5
733.69773 3
733.69773 4
733.99272 0
733.99272 1
734.09083 0
734.09083 1
734.09084 2
734.38587 1
734.38587 2
734.58260 1
734.58260 2
734.68085 1
734.68085 2
734.68086 3
735.17309 1
735.17309 2
735.17311 3
735.46797 2
735.46797 3
735.56651 3
735.56651 4
735.96000 4
735.96000 5
736.05868 5
736.05868 6
736.35324 5
736.55150 0
736.55150 1
736.55151 2
736.84845 0
736.84845 1
736.84846 2
736.94696 1
736.94696 2
737.24181 1
737.24181 2
737.43818 1
737.43818 2
737.73260 1
737.73260 2
737.73261 3
737.83100 2
737.83100 3
738.12578 2
738.12578 3
738.22380 2
738.22380 3
738.51899 2
738.51899 3
738.61702 2
738.61702 3
738.61703 4
738.71505 3
738.71505 4
739.40263 3
739.40263 4
739.40264 5
739.70017 5
739.70017 6
739.99635 4
739.99635 5
740.19644 2
740.19644 3
740.39653 3
740.39653 4
740.59662 0
740.59662 1
740.79670 0
740.79670 1
740.79672 2
741.09384 0
741.09384 1
741.09385 2
741.19243 1
741.19243 2
741.58569 1
741.58569 2
741.68380 1
741.68380 2
742.17516 0
742.17516 1
742.17517 2
742.17637 3
742.17794 4
742.66891 2
742.66891 3
742.86548 1
742.86548 2
742.86550 3
743.16035 3
743.16035 4
743.35700 4
743.35700 5
743.55339 5
743.55339 6
743.74992 5
743.84799 5
744.04613 0
744.04613 1
744.04615 2
744.34382 0
744.34382 1
744.34383 2
744.44238 1
744.44238 2
744.73784 1
744.73784 2
745.03263 1
745.03263 2
745.03264 3
745.13104 2
745.13104 3
745.22908 2
745.22908 3
745.81823 2
745.81823 3
745.81824 4
746.11594 4
746.11594 5
746.21460 4
746.41312 2
746.41312 3
746.61321 0
746.61321 1
746.81330 0
746.81330 1
746.81331 2
747.11024 0
747.11024 1
747.11025 2
747.20846 1
747.20846 2
747.50302 1
747.50302 2
747.60107 1
747.60107 2
747.60108 3
748.19100 2
748.19100 3
748.28980 1
748.28980 2
748.28981 3
748.68323 3
748.68323 4
748.78167 4
748.78167 5
748.87995 5
748.87995 6
749.17559 5
749.27368 5
749.47186 0
749.47186 1
749.47188 2
749.76853 0
749.76853 1
749.76855 2
749.86701 1
749.86701 2
750.16194 1
750.16194 2
750.45694 1
750.45694 2
750.45695 3
750.55527 2
750.55527 3
750.84965 2
750.84965 3
750.94797 2
750.94797 3
751.14456 2
751.14456 3
751.53772 1
751.53772 2
751.53773 3
751.53910 4
751.93078 4
751.93078 5
752.12689 5
752.12689 6
752.22490 6
752.22490 7
752.51971 6
752.61774 6
752.61774 7
752.91276 2
753.01128 0
753.01128 1
753.01129 2
753.30789 0
753.30789 1
753.30790 2
753.40658 1
753.40658 2
753.70182 1
753.70182 2
753.79998 1
753.79998 2
754.09475 1
754.09475 2
754.09476 3
754.19280 2
754.19280 3
754.68446 1
754.68446 2
754.68448 3
755.07779 2
755.07779 3
755.17638 3
755.17638 4
755.37343 4
755.37343 5
755.56967 5
755.56967 6
755.86468 5
755.96287 5
755.96287 6
756.06093 0
756.06093 1
756.35612 0
756.35612 1
756.35613 2
756.45443 1
756.45443 2
756.74913 1
756.74913 2
756.94539 1
756.94539 2
756.94540 3
757.14187 2
757.14187 3
757.33815 2
757.33815 3
757.73169 2
757.73169 3
757.83045 3
757.83045 4
758.12599 4
758.12599 5
758.22410 4
758.22410 5
758.51888 3
758.51888 4
758.61744 0
758.61744 1
758.91197 0
758.91197 1
758.91198 2
759.01038 1
759.01038 2
759.40369 1
759.40369 2
759.50185 1
759.50185 2
759.50186 3
759.59986 2
759.59986 3
759.99367 2
759.99367 3
760.28871 2
760.28871 3
760.38675 2
760.38675 3
760.48524 3
760.48524 4
760.78010 4
760.78010 5
761.07531 5
761.07531 6
761.17381 5
761.27183 5
761.27183 6
761.56655 0
761.56655 1
761.66474 0
761.66474 1
761.66475 2
761.95977 1
761.95977 2
762.15582 1
762.15582 2
762.64726 1
762.64726 2
762.64727 3
762.74599 3
762.74599 4
763.23776 4
763.23776 5
763.53279 5
763.53279 6
763.63101 5
763.82918 0
763.82918 1
764.22443 0
764.22443 1
764.22444 2
764.52071 0
764.52071 1
764.52072 2
764.61892 1
764.61892 2
765.01286 1
765.01286 2
765.11110 1
765.11110 2
765.20910 1
765.20910 2
765.20912 3
765.79918 1
765.79918 2
765.79919 3
766.19224 2
766.19224 3
766.19225 4
766.29105 4
766.29105 5
766.58611 5
766.58611 6
766.68412 5
766.97962 5
766.97962 6
767.07815 0
767.07815 1
767.37256 0
767.37256 1
767.37257 2
767.47093 1
767.47093 2
767.76542 1
767.76542 2
768.06047 1
768.06047 2
768.06048 3
768.15851 2
768.15851 3
768.25675 2
768.25675 3
768.94387 2
768.94387 3
768.94388 4
769.24042 4
769.24042 5
769.33845 4
769.73297 0
769.73297 1
769.93305 0
769.93305 1
769.93307 2
770.32728 0
770.32728 1
770.32730 2
770.32868 3
770.72220 1
770.72220 2
770.82051 1
770.82051 2
771.21401 0
771.21401 1
771.21402 2
771.60754 0
771.60754 1
771.60755 2
771.60865 3
771.70566 2
771.70566 3
772.09870 2
772.09870 3
772.39366 2
772.39366 3
772.49189 2
772.49189 3
772.59008 3
772.59008 4
772.88543 4
772.88543 5
773.37841 5
773.37841 6
773.57850 0
773.57850 1
773.77859 0
773.77859 1
773.77860 2
774.07597 0
774.07597 1
774.07598 2
774.17413 1
774.17413 2
774.56816 1
774.56816 2
774.66648 1
774.66648 2
774.66650 3
775.15768 2
775.15768 3
775.25582 0
775.25582 1
775.25583 2
775.25726 3
775.94368 1
775.94368 2
775.94370 3
776.33712 2
776.33712 3
776.33713 4
776.43545 4
776.43545 5
776.73017 5
776.73017 6
776.82851 5
777.12378 5
777.22178 0
777.22178 1
777.22179 2
777.51850 0
777.51850 1
777.51851 2
777.91161 0
777.91161 1
777.91162 2
778.01034 1
778.01034 2
778.30540 1
778.30540 2
778.30541 3
778.69812 2
778.69812 3
778.79618 1
778.79618 2
778.79619 3
778.89429 2
778.89429 3
779.48478 3
779.48478 4
779.58294 4
779.58294 5
779.87757 4
779.97575 2
779.97575 3
780.17584 3
780.17584 4
780.37593 0
780.37593 1
780.57601 0
780.57601 1
780.57603 2
780.87265 0
780.87265 1
780.87266 2
780.97078 1
780.97078 2
781.36385 1
781.36385 2
781.46218 1
781.46218 2
781.56030 1
781.56030 2
781.56032 3
782.15028 2
782.15028 3
782.24833 1
782.24833 2
782.24834 3
782.64182 3
782.64182 4
782.74015 4
782.74015 5
782.93671 5
782.93671 6
783.13334 5
783.32952 5
783.32952 6
783.62611 0
783.62611 1
783.62613 2
783.92324 0
783.92324 1
783.92326 2
784.02129 1
784.02129 2
784.41448 1
784.41448 2
784.51248 1
784.51248 2
784.51250 3
784.90541 1
784.90541 2
784.90542 3
785.00371 2
785.00371 3
785.39677 2
785.39677 3
785.69238 2
785.69238 3
785.79042 2
785.79042 3
785.79043 4
786.18324 4
786.18324 5
786.37955 5
786.37955 6
786.77472 0
786.77472 1
786.97481 1
786.97481 2
787.17490 2
787.17490 3
787.37499 0
787.37499 1
787.57508 0
787.57508 1
787.57509 2
787.87211 0
787.87211 1
787.87212 2
787.97083 1
787.97083 2
788.26596 1
788.26596 2
788.36398 1
788.36398 2
788.75828 1
788.75828 2
788.75830 3
788.85647 2
788.85647 3
789.05272 2
789.05272 3
789.44549 1
789.44549 2
789.44550 3
789.74031 3
789.74031 4
789.93679 4
789.93679 5
790.23202 5
790.23202 6
790.33020 5
790.42825 5
790.42825 6
790.72329 0
790.72329 1
790.82161 0
790.82161 1
790.82162 2
791.11707 1
791.11707 2
791.41150 1
791.41150 2
791.50952 1
791.50952 2
791.50953 3
791.90256 1
791.90256 2
791.90257 3
792.29609 2
792.29609 3
792.39430 3
792.39430 4
792.49253 4
792.49253 5
792.88569 5
792.88569 6
792.98414 5
793.08235 5
793.47555 0
793.47555 1
793.47556 2
793.77315 0
793.77315 1
793.77316 2
793.87193 1
793.87193 2
794.26533 1
794.26533 2
794.36415 1
794.36415 2
794.36416 3
794.56042 2
794.56042 3
795.05191 1
795.05191 2
795.05192 3
795.15021 3
795.15021 4
795.44545 4
795.44545 5
795.83883 5
795.83883 6
795.93712 5
796.13530 0
796.13530 1
796.33538 0
796.33538 1
796.33540 2
796.63228 0
796.63228 1
796.63229 2
796.73041 1
796.73041 2
797.02516 1
797.02516 2
797.22151 1
797.22151 2
797.31983 1
797.31983 2
797.31984 3
797.90924 2
797.90924 3
798.20554 1
798.20554 2
798.20555 3
798.20659 4
798.50204 4
798.50204 5
798.79689 5
798.79689 6
798.89544 5
798.99362 5
798.99362 6
799.28924 0
799.28924 1
799.38738 0
799.38738 1
799.38739 2
799.68201 1
799.68201 2
799.78055 1
799.78055 2
800.17376 1
800.17376 2
800.17377 3
800.27249 2
800.27249 3
800.66567 2
800.66567 3
801.05875 1
801.05875 2
801.05876 3
801.15693 1
801.15693 2
801.15694 3
802.67400 4
802.87409 0
802.87409 1
802.87410 2
803.17106 2
803.17106 3
803.17107 4
803.26981 4
803.26981 5
803.76257 5
803.76257 6
803.86144 5
804.05952 0
804.05952 1
804.25961 0
804.25961 1
804.25962 2
804.55643 0
804.55643 1
804.55644 2
804.65485 1
804.65485 2
805.14647 0
805.14647 1
805.14648 2
805.24480 1
805.24480 2
805.63849 1
805.63849 2
805.63850 3
805.73654 2
805.73654 3
805.83462 2
805.83462 3
806.22761 2
806.22761 3
806.52194 3
806.52194 4
806.62034 4
806.62034 5
806.91520 4
807.01344 2
807.01344 3
807.21353 3
807.21353 4
807.41362 0
807.41362 1
807.61371 0
807.61371 1
807.61372 2
807.90991 0
807.90991 1
807.90992 2
808.00808 1
808.00808 2
808.59709 1
808.59709 2
809.77000 3
809.97009 1
809.97009 2
809.97010 3
810.26694 3
810.26694 4
810.26695 5
810.26863 6
810.36499 5
810.36499 6
810.75858 1
810.75858 2
811.05326 2
811.15146 1
811.15146 2
811.24951 2
811.24951 3
811.54515 3
811.54515 4
811.64326 4
811.64326 5
811.93871 4
812.03691 0
812.03691 1
812.23699 0
812.23699 1
812.23701 2
812.53402 0
812.53402 1
812.53404 2
812.63225 1
812.63225 2
812.92738 1
812.92738 2
813.22188 0
813.22188 1
813.22189 2
813.61570 1
813.61570 2
813.61571 3
813.71438 2
813.71438 3
813.81252 2
813.81252 3
814.50085 2
814.50085 3
814.50086 4
814.79807 4
814.79807 5
814.89671 4
815.09514 0
815.09514 1
815.29523 0
815.29523 1
815.29525 2
815.59210 0
815.59210 1
815.59211 2
815.69020 1
815.69020 2
816.08379 1
816.08379 2
816.18258 1
816.18258 2
816.47763 1
816.47763 2
816.47764 3
816.57589 2
816.57589 3
816.67402 2
816.67402 3
817.16613 2
817.16613 3
817.36622 3
817.36622 4
817.56631 2
818.78200 3
818.98209 1
818.98209 2
818.98210 3
819.27880 3
819.27880 4
819.27881 5
819.28003 6
819.77021 0
819.77021 1
819.77023 2
819.86862 2
819.96678 1
819.96678 2
820.35969 1
820.35969 2
820.45771 2
820.45771 3
820.85080 3
820.85080 4
821.05088 0
821.05088 1
821.25097 0
821.25097 1
821.25099 2
821.54726 0
821.54726 1
821.54727 2
821.64528 1
821.64528 2
821.94105 1
821.94105 2
822.03923 1
822.03923 2
822.03925 3
822.43173 2
822.43173 3
822.62840 2
822.62840 3
823.82200 4
824.02209 2
824.02209 3
824.02210 4
824.31921 4
824.31921 5
824.31922 6
824.32047 7
824.41736 6
824.81120 4
824.81120 5
824.90936 3
824.90936 4
825.20356 1
825.20356 2
825.30202 1
825.30202 2
825.30204 3
825.40028 2
825.40028 3
826.08915 0
826.08915 1
826.08916 2
826.09047 3
826.38604 3
826.38604 4
826.58224 4
826.58224 5
826.87761 5
826.87761 6
826.97562 5
827.17281 5
827.17281 6
827.27093 0
827.27093 1
827.56611 0
827.56611 1
827.56612 2
827.66431 1
827.66431 2
827.95914 1
827.95914 2
828.25412 1
828.25412 2
828.25413 3
828.35267 2
828.35267 3
828.45116 2
828.45116 3
829.04082 2
829.04082 3
829.04083 4
829.33770 4
829.33770 5
829.43599 4
829.63478 2
829.63478 3
829.83487 3
829.83487 4
830.03496 0
830.03496 1
830.23505 0
830.23505 1
830.23506 2
830.53193 0
830.53193 1
830.53194 2
830.62999 1
830.62999 2
831.02333 1
831.02333 2
831.12164 1
831.12164 2
831.31818 1
831.31818 2
831.31819 3
831.51438 2
831.51438 3
832.00558 1
832.00558 2
832.00559 3
832.30276 3
832.30276 4
832.40141 4
832.40141 5
832.79570 3
832.79570 4
832.99579 0
832.99579 1
833.19588 0
833.19588 1
833.19589 2
833.49262 0
833.49262 1
833.49263 2
833.59089 1
833.59089 2
833.98359 1
833.98359 2
834.08191 1
834.08191 2
834.18007 1
834.18007 2
834.18008 3
834.67116 2
834.67116 3
834.76916 1
834.76916 2
834.76918 3
835.16281 3
835.16281 4
835.35961 4
835.35961 5
835.55610 4
835.75233 4
835.75233 5
835.85050 0
835.85050 1
836.14505 0
836.14505 1
836.14506 2
836.24311 1
836.24311 2
836.53743 1
836.53743 2
836.73409 1
836.73409 2
836.73410 3
837.02869 2
837.02869 3
837.12685 2
837.12685 3
837.52060 2
837.52060 3
837.61863 1
837.61863 2
837.61865 3
837.71671 2
837.71671 3
837.71672 4
838.60168 4
838.60168 5
838.60170 6
838.89906 6
838.89906 7
838.99720 6
839.19529 2
839.19529 3
839.39538 0
839.39538 1
839.59547 0
839.59547 1
839.59548 2
839.89304 0
839.89304 1
839.89305 2
839.99151 1
839.99151 2
840.28594 1
840.28594 2
840.38433 1
840.38433 2
840.38434 3
841.07256 0
841.07256 1
841.07257 2
841.07397 3
841.36947 3
841.36947 4
841.56577 4
841.56577 5
841.76206 4
841.86020 4
841.86020 5
842.15538 0
842.15538 1
842.25356 0
842.25356 1
842.25357 2
842.54791 1
842.54791 2
842.74446 1
842.74446 2
842.84253 1
842.84253 2
842.84254 3
843.83400 4
844.03409 0
844.03409 1
844.03410 2
844.33065 2
844.33065 3
844.33066 4
844.42908 4
844.42908 5
844.82241 4
844.92099 4
844.92099 5
845.01922 0
845.01922 1
845.31431 0
845.31431 1
845.31432 2
845.41296 1
845.41296 2
845.70740 1
845.70740 2
845.80566 1
845.80566 2
845.80567 3
846.49384 0
846.49384 1
846.49385 2
846.49549 3
846.79020 3
846.79020 4
846.88823 4
846.88823 5
847.28209 5
847.28209 6
847.67539 5
847.77378 0
847.77378 1
847.77379 2
848.07103 0
848.07103 1
848.07104 2
848.16919 1
848.16919 2
849.35000 3
849.55009 0
849.55009 1
849.55010 2
849.84651 2
849.84651 3
849.84652 4
849.94480 4
849.94480 5
850.33790 5
850.33790 6
850.43634 5
850.63339 5
850.63339 6
850.73150 0
850.73150 1
851.02691 0
851.02691 1
851.02692 2
851.12505 1
851.12505 2
851.51835 1
851.51835 2
851.61647 1
851.61647 2
851.61649 3
851.91135 2
851.91135 3
852.30436 2
852.30436 3
852.50140 0
852.50140 1
852.50141 2
852.50288 3
853.18910 1
853.18910 2
853.18911 3
853.48631 2
853.48631 3
853.48632 4
853.48822 5
853.58471 5
853.97849 5
853.97849 6
854.07689 5
854.27318 5
854.37119 0
854.37119 1
854.37120 2
854.66793 0
854.66793 1
854.66794 2
855.16023 1
855.16023 2
855.25862 1
855.25862 2
855.35663 1
855.35663 2
855.35665 3
855.84732 2
855.84732 3
855.94586 2
855.94586 3
856.24029 3
856.24029 4
856.53476 4
856.53476 5
856.63304 5
856.63304 6
856.73106 5
858.05000 6
860.89000 7
861.09009 0
861.09009 1
861.09010 2
861.38654 2
861.38654 3
861.38655 4
861.38781 5
861.48505 4
861.48505 5
861.87845 1
861.87845 2
862.17313 2
862.27118 1
862.27118 2
862.36929 2
862.36929 3
862.66508 3
862.66508 4
862.76325 4
862.76325 5
